8	-0.074653	-0.319901	2.607235	9	-0.206486	-0.544170	2.526254	10	-0.255109	-0.356768	2.563477	11	-0.314342	-0.297422	2.588657	
8	-0.074653	-0.319901	2.607235	9	-0.206486	-0.544170	2.526254	10	-0.255109	-0.356768	2.563477	11	-0.314342	-0.297422	2.588657	
8	-0.080582	-0.320059	2.603205	9	-0.212565	-0.545362	2.527475	10	-0.011262	-0.519092	2.530523	11	0.033541	-0.498157	2.538177	
8	-0.080582	-0.320059	2.603205	9	-0.212565	-0.545362	2.527475	10	-0.011262	-0.519092	2.530523	11	0.033541	-0.498157	2.538177	
8	-0.080582	-0.320059	2.603205	9	-0.212565	-0.545362	2.527475	10	-0.011262	-0.519092	2.530523	11	0.033541	-0.498157	2.538177	
8	-0.085106	-0.319961	2.600129	9	-0.216039	-0.545368	2.527986	10	0.039759	-0.514750	2.524717	11	0.126705	-0.505624	2.528420	
8	-0.085106	-0.319961	2.600129	9	-0.216039	-0.545368	2.527986	10	0.039759	-0.514750	2.524717	11	0.126705	-0.505624	2.528420	
8	-0.085106	-0.319961	2.600129	9	-0.216039	-0.545368	2.527986	10	0.039759	-0.514750	2.524717	11	0.126705	-0.505624	2.528420	
8	-0.090212	-0.320947	2.597167	9	-0.218984	-0.543870	2.528215	10	0.067262	-0.515111	2.523393	11	0.186451	-0.520828	2.521759	
8	-0.090212	-0.320947	2.597167	9	-0.218984	-0.543870	2.528215	10	0.067262	-0.515111	2.523393	11	0.186451	-0.520828	2.521759	
8	-0.090212	-0.320947	2.597167	9	-0.218984	-0.543870	2.528215	10	0.067262	-0.515111	2.523393	11	0.186451	-0.520828	2.521759	
8	-0.093586	-0.321541	2.595299	9	-0.219310	-0.541125	2.528037	10	0.063795	-0.450673	2.548301	11	0.177274	-0.437995	2.553859	
8	-0.093586	-0.321541	2.595299	9	-0.219310	-0.541125	2.528037	10	0.063795	-0.450673	2.548301	11	0.177274	-0.437995	2.553859	
8	-0.096504	-0.321918	2.593766	9	-0.221096	-0.547737	2.533852	10	0.055220	-0.449497	2.554112	11	0.172137	-0.420858	2.559552	
8	-0.096504	-0.321918	2.593766	9	-0.221096	-0.547737	2.533852	10	0.055220	-0.449497	2.554112	11	0.172137	-0.420858	2.559552	
8	-0.098451	-0.322139	2.592763	9	-0.223557	-0.549958	2.534923	10	0.058306	-0.449926	2.543719	11	0.171665	-0.415752	2.551503	
8	-0.099827	-0.322316	2.592078	9	-0.225317	-0.550443	2.535474	10	0.052037	-0.445189	2.542318	11	0.151807	-0.409197	2.547091	
8	-0.099827	-0.322316	2.592078	9	-0.225317	-0.550443	2.535474	10	0.052037	-0.445189	2.542318	11	0.151807	-0.409197	2.547091	
8	-0.099827	-0.322316	2.592078	9	-0.225317	-0.550443	2.535474	10	0.052037	-0.445189	2.542318	11	0.151807	-0.409197	2.547091	
8	-0.100769	-0.322426	2.591612	9	-0.226469	-0.550661	2.535728	10	0.045511	-0.442632	2.540618	11	0.137797	-0.406200	2.544010	
8	-0.100769	-0.322426	2.591612	9	-0.226469	-0.550661	2.535728	10	0.045511	-0.442632	2.540618	11	0.137797	-0.406200	2.544010	
8	-0.101384	-0.322505	2.591419	9	-0.227218	-0.550728	2.535851	10	0.027907	-0.433149	2.546070	11	0.119561	-0.396978	2.549651	
8	-0.101384	-0.322505	2.591419	9	-0.227218	-0.550728	2.535851	10	0.027907	-0.433149	2.546070	11	0.119561	-0.396978	2.549651	
8	-0.101545	-0.322514	2.591660	9	-0.227708	-0.551060	2.536028	10	0.023158	-0.445617	2.544850	11	0.112542	-0.405624	2.549536	
8	-0.101545	-0.322514	2.591660	9	-0.227708	-0.551060	2.536028	10	0.023158	-0.445617	2.544850	11	0.112542	-0.405624	2.549536	
8	-0.099509	-0.322252	2.593521	9	-0.227683	-0.551288	2.536222	10	0.024053	-0.551627	2.532151	11	0.106422	-0.528543	2.536466	
8	-0.099509	-0.322252	2.593521	9	-0.227683	-0.551288	2.536222	10	0.024053	-0.551627	2.532151	11	0.106422	-0.528543	2.536466	
8	-0.097494	-0.322068	2.595291	9	-0.227160	-0.551565	2.536240	10	0.020641	-0.589554	2.527236	11	0.101425	-0.592584	2.529331	
8	-0.097494	-0.322068	2.595291	9	-0.227160	-0.551565	2.536240	10	0.020641	-0.589554	2.527236	11	0.101425	-0.592584	2.529331	
8	-0.095011	-0.322093	2.597166	9	-0.226312	-0.551823	2.536199	10	0.020051	-0.607582	2.525067	11	0.099433	-0.616467	2.526836	
8	-0.095011	-0.322093	2.597166	9	-0.226312	-0.551823	2.536199	10	0.020051	-0.607582	2.525067	11	0.099433	-0.616467	2.526836	
8	-0.092726	-0.322269	2.599028	9	-0.221498	-0.553661	2.535625	10	0.020513	-0.615043	2.525240	11	0.097815	-0.631045	2.525927	
8	-0.092726	-0.322269	2.599028	9	-0.221498	-0.553661	2.535625	10	0.020513	-0.615043	2.525240	11	0.097815	-0.631045	2.525927	
8	-0.088940	-0.322176	2.601723	9	-0.218841	-0.553640	2.534974	10	0.024432	-0.610860	2.529270	11	0.099622	-0.633477	2.528992	
8	-0.088940	-0.322176	2.601723	9	-0.218841	-0.553640	2.534974	10	0.024432	-0.610860	2.529270	11	0.099622	-0.633477	2.528992	
8	-0.085784	-0.322303	2.603961	9	-0.214884	-0.553882	2.533434	10	0.028022	-0.601806	2.533873	11	0.102153	-0.627683	2.534246	
8	-0.085784	-0.322303	2.603961	9	-0.214884	-0.553882	2.533434	10	0.028022	-0.601806	2.533873	11	0.102153	-0.627683	2.534246	
8	-0.085784	-0.322303	2.603961	9	-0.214884	-0.553882	2.533434	10	0.028022	-0.601806	2.533873	11	0.102153	-0.627683	2.534246	
8	-0.081642	-0.322888	2.607051	9	-0.211525	-0.553837	2.532243	10	0.036863	-0.595368	2.543575	11	0.111271	-0.620867	2.545852	
8	-0.081642	-0.322888	2.607051	9	-0.211525	-0.553837	2.532243	10	0.036863	-0.595368	2.543575	11	0.111271	-0.620867	2.545852	
8	-0.077384	-0.323493	2.610564	9	-0.208717	-0.553466	2.531396	10	0.043947	-0.590920	2.551561	11	0.119927	-0.614556	2.556668	
8	-0.077384	-0.323493	2.610564	9	-0.208717	-0.553466	2.531396	10	0.043947	-0.590920	2.551561	11	0.119927	-0.614556	2.556668	
8	-0.073908	-0.324274	2.613713	9	-0.203718	-0.554007	2.530530	10	0.050033	-0.588454	2.558943	11	0.127191	-0.609563	2.566942	
8	-0.073908	-0.324274	2.613713	9	-0.203718	-0.554007	2.530530	10	0.050033	-0.588454	2.558943	11	0.127191	-0.609563	2.566942	
8	-0.070730	-0.325086	2.616604	9	-0.198438	-0.554607	2.529373	10	0.055345	-0.589532	2.567010	11	0.133160	-0.608373	2.577436	
8	-0.070730	-0.325086	2.616604	9	-0.198438	-0.554607	2.529373	10	0.055345	-0.589532	2.567010	11	0.133160	-0.608373	2.577436	
8	-0.066553	-0.325786	2.620226	9	-0.190089	-0.555770	2.529537	10	0.059810	-0.589463	2.572873	11	0.137852	-0.606396	2.585268	
8	-0.066553	-0.325786	2.620226	9	-0.190089	-0.555770	2.529537	10	0.059810	-0.589463	2.572873	11	0.137852	-0.606396	2.585268	
8	-0.061721	-0.326754	2.624148	9	-0.184097	-0.556347	2.530009	10	0.063113	-0.589590	2.577421	11	0.141428	-0.605075	2.591503	
8	-0.061721	-0.326754	2.624148	9	-0.184097	-0.556347	2.530009	10	0.063113	-0.589590	2.577421	11	0.141428	-0.605075	2.591503	
8	-0.058588	-0.327707	2.626785	9	-0.179705	-0.557256	2.530608	10	0.065349	-0.589513	2.580703	11	0.143976	-0.603759	2.596275	
8	-0.058588	-0.327707	2.626785	9	-0.179705	-0.557256	2.530608	10	0.065349	-0.589513	2.580703	11	0.143976	-0.603759	2.596275	
8	-0.054388	-0.329855	2.629889	9	-0.176067	-0.558332	2.531196	10	0.067121	-0.589437	2.585472	11	0.145915	-0.602273	2.602622	
8	-0.054388	-0.329855	2.629889	9	-0.176067	-0.558332	2.531196	10	0.067121	-0.589437	2.585472	11	0.145915	-0.602273	2.602622	
8	-0.051494	-0.331387	2.632070	9	-0.172488	-0.559664	2.531779	10	0.068859	-0.589088	2.590089	11	0.147660	-0.600596	2.608785	
8	-0.051494	-0.331387	2.632070	9	-0.172488	-0.559664	2.531779	10	0.068859	-0.589088	2.590089	11	0.147660	-0.600596	2.608785	
8	-0.051494	-0.331387	2.632070	9	-0.172488	-0.559664	2.531779	10	0.068859	-0.589088	2.590089	11	0.147660	-0.600596	2.608785	
8	-0.048861	-0.332904	2.634115	9	-0.167344	-0.561972	2.532543	10	0.074703	-0.588196	2.597762	11	0.152594	-0.598140	2.617629	
8	-0.048861	-0.332904	2.634115	9	-0.167344	-0.561972	2.532543	10	0.074703	-0.588196	2.597762	11	0.152594	-0.598140	2.617629	
8	-0.041751	-0.335022	2.638589	9	-0.161002	-0.563173	2.534372	10	0.079249	-0.587726	2.604899	11	0.156210	-0.596688	2.625700	
8	-0.041751	-0.335022	2.638589	9	-0.161002	-0.563173	2.534372	10	0.079249	-0.587726	2.604899	11	0.156210	-0.596688	2.625700	
8	-0.038085	-0.336857	2.641421	9	-0.148083	-0.560981	2.536809	10	0.076901	-0.613784	2.628961	11	0.150300	-0.623975	2.653368	
8	-0.038085	-0.336857	2.641421	9	-0.148083	-0.560981	2.536809	10	0.076901	-0.613784	2.628961	11	0.150300	-0.623975	2.653368	
8	-0.035438	-0.338261	2.643515	9	-0.142074	-0.561384	2.538031	10	0.076061	-0.623041	2.637602	11	0.146147	-0.641064	2.669756	
8	-0.035438	-0.338261	2.643515	9	-0.142074	-0.561384	2.538031	10	0.076061	-0.623041	2.637602	11	0.146147	-0.641064	2.669756	
8	-0.035438	-0.338261	2.643515	9	-0.142074	-0.561384	2.538031	10	0.076061	-0.623041	2.637602	11	0.146147	-0.641064	2.669756	
8	-0.033474	-0.339596	2.645134	9	-0.137359	-0.564856	2.538964	10	0.079965	-0.623972	2.646189	11	0.149184	-0.642458	2.681175	
8	-0.033474	-0.339596	2.645134	9	-0.137359	-0.564856	2.538964	10	0.079965	-0.623972	2.646189	11	0.149184	-0.642458	2.681175	
8	-0.031410	-0.340950	2.646892	9	-0.132989	-0.568082	2.539459	10	0.084527	-0.621971	2.652270	11	0.153084	-0.640528	2.689768	
8	-0.031410	-0.340950	2.646892	9	-0.132989	-0.568082	2.539459	10	0.084527	-0.621971	2.652270	11	0.153084	-0.640528	2.689768	
8	-0.029077	-0.342501	2.648700	9	-0.125625	-0.571448	2.539894	10	0.088385	-0.619232	2.656186	11	0.155857	-0.637799	2.695659	
8	-0.029077	-0.342501	2.648700	9	-0.125625	-0.571448	2.539894	10	0.088385	-0.619232	2.656186	11	0.155857	-0.637799	2.695659	
8	-0.026796	-0.344007	2.650692	9	-0.120962	-0.573233	2.539957	10	0.092456	-0.615203	2.659290	11	0.159333	-0.633403	2.700567	
8	-0.026796	-0.344007	2.650692	9	-0.120962	-0.573233	2.539957	10	0.092456	-0.615203	2.659290	11	0.159333	-0.633403	2.700567	
8	-0.024771	-0.345254	2.652582	9	-0.117803	-0.574854	2.540240	10	0.095855	-0.611655	2.661712	11	0.162833	-0.628646	2.704394	
8	-0.024771	-0.345254	2.652582	9	-0.117803	-0.574854	2.540240	10	0.095855	-0.611655	2.661712	11	0.162833	-0.628646	2.704394	
8	-0.021733	-0.346846	2.655323	9	-0.115890	-0.575898	2.540299	10	0.098266	-0.609114	2.664755	11	0.165797	-0.624717	2.708919	
8	-0.021733	-0.346846	2.655323	9	-0.115890	-0.575898	2.540299	10	0.098266	-0.609114	2.664755	11	0.165797	-0.624717	2.708919	
8	-0.021733	-0.346846	2.655323	9	-0.115890	-0.575898	2.540299	10	0.098266	-0.609114	2.664755	11	0.165797	-0.624717	2.708919	
8	-0.018959	-0.348187	2.657798	9	-0.114510	-0.576610	2.540325	10	0.100273	-0.607286	2.666905	11	0.168460	-0.621678	2.712244	
8	-0.018959	-0.348187	2.657798	9	-0.114510	-0.576610	2.540325	10	0.100273	-0.607286	2.666905	11	0.168460	-0.621678	2.712244	
8	-0.016820	-0.349212	2.659680	9	-0.111692	-0.576742	2.540936	10	0.101816	-0.605951	2.668651	11	0.170064	-0.619691	2.714585	
8	-0.016820	-0.349212	2.659680	9	-0.111692	-0.576742	2.540936	10	0.101816	-0.605951	2.668651	11	0.170064	-0.619691	2.714585	
8	-0.015186	-0.350053	2.661127	9	-0.109445	-0.576675	2.541534	10	0.103146	-0.605003	2.670117	11	0.171440	-0.618218	2.716456	
8	-0.015186	-0.350053	2.661127	9	-0.109445	-0.576675	2.541534	10	0.103146	-0.605003	2.670117	11	0.171440	-0.618218	2.716456	
8	-0.013841	-0.350771	2.662329	9	-0.105262	-0.575324	2.543073	10	0.104260	-0.604355	2.671475	11	0.172364	-0.617261	2.717905	
8	-0.013841	-0.350771	2.662329	9	-0.105262	-0.575324	2.543073	10	0.104260	-0.604355	2.671475	11	0.172364	-0.617261	2.717905	
8	-0.012687	-0.351388	2.663356	9	-0.102395	-0.574547	2.544081	10	0.105374	-0.604016	2.672967	11	0.173248	-0.616577	2.719351	
8	-0.012687	-0.351388	2.663356	9	-0.102395	-0.574547	2.544081	10	0.105374	-0.604016	2.672967	11	0.173248	-0.616577	2.719351	
8	-0.011579	-0.352022	2.664219	9	-0.100055	-0.573949	2.544706	10	0.106434	-0.603914	2.674475	11	0.174064	-0.616137	2.720804	
8	-0.011579	-0.352022	2.664219	9	-0.100055	-0.573949	2.544706	10	0.106434	-0.603914	2.674475	11	0.174064	-0.616137	2.720804	
8	-0.010607	-0.352634	2.664929	9	-0.098039	-0.573384	2.545225	10	0.107269	-0.603897	2.675717	11	0.174691	-0.615851	2.722018	
8	-0.010607	-0.352634	2.664929	9	-0.098039	-0.573384	2.545225	10	0.107269	-0.603897	2.675717	11	0.174691	-0.615851	2.722018	
8	-0.010607	-0.352634	2.664929	9	-0.098039	-0.573384	2.545225	10	0.107269	-0.603897	2.675717	11	0.174691	-0.615851	2.722018	
8	-0.009720	-0.353186	2.665520	9	-0.096222	-0.572911	2.545771	10	0.107986	-0.603991	2.676816	11	0.175200	-0.615707	2.723067	
8	-0.009720	-0.353186	2.665520	9	-0.096222	-0.572911	2.545771	10	0.107986	-0.603991	2.676816	11	0.175200	-0.615707	2.723067	
8	-0.009023	-0.353644	2.665974	9	-0.087259	-0.558069	2.549952	10	0.108133	-0.605573	2.678636	11	0.174452	-0.619052	2.725043	
8	-0.008470	-0.354021	2.666313	9	-0.082482	-0.550159	2.552117	10	0.108149	-0.606950	2.680069	11	0.173648	-0.622123	2.726662	
8	-0.008470	-0.354021	2.666313	9	-0.082482	-0.550159	2.552117	10	0.108149	-0.606950	2.680069	11	0.173648	-0.622123	2.726662	
8	-0.008470	-0.354021	2.666313	9	-0.082482	-0.550159	2.552117	10	0.108149	-0.606950	2.680069	11	0.173648	-0.622123	2.726662	
8	-0.008021	-0.354321	2.666587	9	-0.080047	-0.546087	2.553164	10	0.108157	-0.607918	2.681027	11	0.173064	-0.624398	2.727793	
8	-0.008021	-0.354321	2.666587	9	-0.080047	-0.546087	2.553164	10	0.108157	-0.607918	2.681027	11	0.173064	-0.624398	2.727793	
8	-0.007620	-0.354516	2.666820	9	-0.079351	-0.543893	2.553350	10	0.108202	-0.608502	2.681566	11	0.172898	-0.625736	2.728499	
8	-0.007620	-0.354516	2.666820	9	-0.079351	-0.543893	2.553350	10	0.108202	-0.608502	2.681566	11	0.172898	-0.625736	2.728499	
8	-0.007269	-0.354671	2.666995	9	-0.081906	-0.546694	2.551053	10	0.108293	-0.608758	2.681821	11	0.172878	-0.626325	2.728905	
8	-0.007269	-0.354671	2.666995	9	-0.081906	-0.546694	2.551053	10	0.108293	-0.608758	2.681821	11	0.172878	-0.626325	2.728905	
8	-0.006985	-0.354784	2.667081	9	-0.088286	-0.553535	2.547330	10	0.108370	-0.608760	2.681703	11	0.173129	-0.626354	2.729034	
8	-0.006985	-0.354784	2.667081	9	-0.088286	-0.553535	2.547330	10	0.108370	-0.608760	2.681703	11	0.173129	-0.626354	2.729034	
8	-0.006790	-0.354853	2.667097	9	-0.093096	-0.558473	2.544487	10	0.108415	-0.608538	2.681245	11	0.173486	-0.626029	2.728915	
8	-0.006790	-0.354853	2.667097	9	-0.093096	-0.558473	2.544487	10	0.108415	-0.608538	2.681245	11	0.173486	-0.626029	2.728915	
8	-0.006714	-0.354814	2.666830	9	-0.106357	-0.567590	2.538728	10	0.107825	-0.607773	2.678877	11	0.174245	-0.624749	2.727624	
8	-0.006714	-0.354814	2.666830	9	-0.106357	-0.567590	2.538728	10	0.107825	-0.607773	2.678877	11	0.174245	-0.624749	2.727624	
8	-0.006714	-0.354814	2.666830	9	-0.106357	-0.567590	2.538728	10	0.107825	-0.607773	2.678877	11	0.174245	-0.624749	2.727624	
8	-0.006938	-0.354618	2.666129	9	-0.111453	-0.559967	2.540830	10	0.106626	-0.606835	2.675326	11	0.174261	-0.624744	2.724529	
8	-0.007335	-0.354232	2.665088	9	-0.118662	-0.563870	2.538081	10	0.105466	-0.605719	2.670923	11	0.174998	-0.622923	2.721143	
8	-0.007335	-0.354232	2.665088	9	-0.118662	-0.563870	2.538081	10	0.105466	-0.605719	2.670923	11	0.174998	-0.622923	2.721143	
8	-0.007335	-0.354232	2.665088	9	-0.118662	-0.563870	2.538081	10	0.105466	-0.605719	2.670923	11	0.174998	-0.622923	2.721143	
8	-0.008355	-0.353456	2.662987	9	-0.124136	-0.566716	2.536112	10	0.088941	-0.631914	2.653494	11	0.164732	-0.643322	2.706169	
8	-0.008355	-0.353456	2.662987	9	-0.124136	-0.566716	2.536112	10	0.088941	-0.631914	2.653494	11	0.164732	-0.643322	2.706169	
8	-0.009641	-0.352471	2.660408	9	-0.128793	-0.568442	2.534608	10	0.082172	-0.642028	2.645549	11	0.159227	-0.654670	2.696727	
8	-0.009641	-0.352471	2.660408	9	-0.128793	-0.568442	2.534608	10	0.082172	-0.642028	2.645549	11	0.159227	-0.654670	2.696727	
8	-0.011107	-0.351265	2.657551	9	-0.133565	-0.569016	2.533033	10	0.082674	-0.613711	2.625823	11	0.160297	-0.631842	2.674368	
8	-0.011107	-0.351265	2.657551	9	-0.133565	-0.569016	2.533033	10	0.082674	-0.613711	2.625823	11	0.160297	-0.631842	2.674368	
8	-0.015445	-0.347340	2.652077	9	-0.137628	-0.569176	2.532814	10	0.083156	-0.598789	2.614817	11	0.161257	-0.616961	2.658553	
8	-0.015445	-0.347340	2.652077	9	-0.137628	-0.569176	2.532814	10	0.083156	-0.598789	2.614817	11	0.161257	-0.616961	2.658553	
8	-0.015445	-0.347340	2.652077	9	-0.137628	-0.569176	2.532814	10	0.083156	-0.598789	2.614817	11	0.161257	-0.616961	2.658553	
8	-0.019464	-0.343827	2.647175	9	-0.140969	-0.568991	2.532663	10	0.082762	-0.593783	2.608896	11	0.161401	-0.610612	2.648714	
8	-0.019464	-0.343827	2.647175	9	-0.140969	-0.568991	2.532663	10	0.082762	-0.593783	2.608896	11	0.161401	-0.610612	2.648714	
8	-0.024656	-0.339969	2.641850	9	-0.144700	-0.568310	2.532638	10	0.081794	-0.588517	2.602045	11	0.160685	-0.603301	2.637178	
8	-0.024656	-0.339969	2.641850	9	-0.144700	-0.568310	2.532638	10	0.081794	-0.588517	2.602045	11	0.160685	-0.603301	2.637178	
8	-0.029733	-0.336514	2.637048	9	-0.148227	-0.567399	2.532560	10	0.080999	-0.584890	2.597318	11	0.160090	-0.597966	2.628959	
8	-0.033961	-0.333776	2.633387	9	-0.151534	-0.566319	2.532596	10	0.080071	-0.583098	2.593632	11	0.159294	-0.595210	2.622738	
8	-0.033961	-0.333776	2.633387	9	-0.151534	-0.566319	2.532596	10	0.080071	-0.583098	2.593632	11	0.159294	-0.595210	2.622738	
8	-0.038227	-0.331587	2.629705	9	-0.164443	-0.559506	2.528610	10	0.077671	-0.584629	2.589046	11	0.158382	-0.595636	2.617049	
8	-0.038227	-0.331587	2.629705	9	-0.164443	-0.559506	2.528610	10	0.077671	-0.584629	2.589046	11	0.158382	-0.595636	2.617049	
8	-0.038227	-0.331587	2.629705	9	-0.164443	-0.559506	2.528610	10	0.077671	-0.584629	2.589046	11	0.158382	-0.595636	2.617049	
8	-0.043365	-0.330133	2.625807	9	-0.172882	-0.556466	2.525670	10	0.073613	-0.584455	2.584125	11	0.156235	-0.594780	2.611639	
8	-0.043365	-0.330133	2.625807	9	-0.172882	-0.556466	2.525670	10	0.073613	-0.584455	2.584125	11	0.156235	-0.594780	2.611639	
8	-0.047829	-0.328948	2.622774	9	-0.178144	-0.554953	2.524794	10	0.070384	-0.584224	2.580333	11	0.154178	-0.594041	2.606857	
8	-0.047829	-0.328948	2.622774	9	-0.178144	-0.554953	2.524794	10	0.070384	-0.584224	2.580333	11	0.154178	-0.594041	2.606857	
8	-0.051414	-0.328143	2.620415	9	-0.182732	-0.553699	2.524069	10	0.065878	-0.583899	2.575264	11	0.150947	-0.593430	2.600863	
8	-0.051414	-0.328143	2.620415	9	-0.182732	-0.553699	2.524069	10	0.065878	-0.583899	2.575264	11	0.150947	-0.593430	2.600863	
8	-0.058772	-0.328050	2.616412	9	-0.190480	-0.552959	2.522867	10	0.049740	-0.578101	2.559157	11	0.138791	-0.588106	2.584823	
8	-0.058772	-0.328050	2.616412	9	-0.190480	-0.552959	2.522867	10	0.049740	-0.578101	2.559157	11	0.138791	-0.588106	2.584823	
8	-0.064199	-0.328297	2.613288	9	-0.195930	-0.552725	2.522474	10	0.040888	-0.576438	2.549368	11	0.129584	-0.585763	2.571772	
8	-0.064199	-0.328297	2.613288	9	-0.195930	-0.552725	2.522474	10	0.040888	-0.576438	2.549368	11	0.129584	-0.585763	2.571772	
8	-0.064199	-0.328297	2.613288	9	-0.195930	-0.552725	2.522474	10	0.040888	-0.576438	2.549368	11	0.129584	-0.585763	2.571772	
8	-0.067703	-0.328392	2.611191	9	-0.199927	-0.513016	2.517944	10	0.036404	-0.575657	2.543934	11	0.123021	-0.589103	2.562940	
8	-0.067703	-0.328392	2.611191	9	-0.199927	-0.513016	2.517944	10	0.036404	-0.575657	2.543934	11	0.123021	-0.589103	2.562940	
8	-0.067703	-0.328392	2.611191	9	-0.199927	-0.513016	2.517944	10	0.036404	-0.575657	2.543934	11	0.123021	-0.589103	2.562940	
8	-0.070323	-0.328403	2.609591	9	0.006992	-0.509866	2.561420	10	0.014272	-0.659136	2.498665	11	0.039260	-0.695562	2.491472	
8	-0.072144	-0.328351	2.608449	9	0.052616	-0.502219	2.570510	10	-0.008611	-0.688917	2.462798	11	-0.028843	-0.748372	2.430219	
8	-0.072144	-0.328351	2.608449	9	0.052616	-0.502219	2.570510	10	-0.008611	-0.688917	2.462798	11	-0.028843	-0.748372	2.430219	
8	-0.073377	-0.328272	2.607659	9	0.094938	-0.505474	2.577892	10	-0.019756	-0.703398	2.452409	11	-0.057962	-0.768941	2.412909	
8	-0.073377	-0.328272	2.607659	9	0.094938	-0.505474	2.577892	10	-0.019756	-0.703398	2.452409	11	-0.057962	-0.768941	2.412909	
8	-0.073377	-0.328272	2.607659	9	0.094938	-0.505474	2.577892	10	-0.019756	-0.703398	2.452409	11	-0.057962	-0.768941	2.412909	
8	-0.074330	-0.328099	2.607020	9	0.096334	-0.507468	2.577670	10	-0.024926	-0.707907	2.453767	11	-0.074073	-0.780436	2.405765	
8	-0.075175	-0.327778	2.606374	9	0.093319	-0.513957	2.574804	10	-0.028052	-0.713868	2.449232	11	-0.079390	-0.784071	2.404355	
8	-0.075175	-0.327778	2.606374	9	0.093319	-0.513957	2.574804	10	-0.028052	-0.713868	2.449232	11	-0.079390	-0.784071	2.404355	
8	-0.075175	-0.327778	2.606374	9	0.093319	-0.513957	2.574804	10	-0.028052	-0.713868	2.449232	11	-0.079390	-0.784071	2.404355	
8	-0.075998	-0.327374	2.605678	9	0.095040	-0.519870	2.574646	10	-0.029140	-0.711129	2.450477	11	-0.079317	-0.779215	2.407094	
8	-0.075998	-0.327374	2.605678	9	0.095040	-0.519870	2.574646	10	-0.029140	-0.711129	2.450477	11	-0.079317	-0.779215	2.407094	
8	-0.078865	-0.327037	2.603678	9	0.059050	-0.528276	2.563565	10	-0.049042	-0.713702	2.506287	11	-0.090829	-0.778250	2.488030	
8	-0.078865	-0.327037	2.603678	9	0.059050	-0.528276	2.563565	10	-0.049042	-0.713702	2.506287	11	-0.090829	-0.778250	2.488030	
8	-0.081192	-0.326723	2.601972	9	0.043286	-0.507408	2.558237	10	-0.045414	-0.686019	2.516060	11	-0.084346	-0.759891	2.502566	
8	-0.081192	-0.326723	2.601972	9	0.043286	-0.507408	2.558237	10	-0.045414	-0.686019	2.516060	11	-0.084346	-0.759891	2.502566	
8	-0.083209	-0.326587	2.600218	9	0.037159	-0.506231	2.556706	10	-0.050985	-0.676835	2.508705	11	-0.085927	-0.748241	2.499320	
8	-0.083209	-0.326587	2.600218	9	0.037159	-0.506231	2.556706	10	-0.050985	-0.676835	2.508705	11	-0.085927	-0.748241	2.499320	
8	-0.084739	-0.326479	2.598864	9	0.034848	-0.505145	2.555720	10	-0.053196	-0.669630	2.504893	11	-0.086885	-0.737233	2.496049	
8	-0.084739	-0.326479	2.598864	9	0.034848	-0.505145	2.555720	10	-0.053196	-0.669630	2.504893	11	-0.086885	-0.737233	2.496049	
8	-0.085870	-0.326399	2.597806	9	0.036332	-0.504509	2.556066	10	-0.051921	-0.664757	2.499580	11	-0.084921	-0.728616	2.490029	
8	-0.085870	-0.326399	2.597806	9	0.036332	-0.504509	2.556066	10	-0.051921	-0.664757	2.499580	11	-0.084921	-0.728616	2.490029	
8	-0.085870	-0.326399	2.597806	9	0.036332	-0.504509	2.556066	10	-0.051921	-0.664757	2.499580	11	-0.084921	-0.728616	2.490029	
8	-0.086609	-0.326297	2.597077	9	0.039253	-0.507862	2.557837	10	-0.036000	-0.670534	2.480088	11	-0.070363	-0.726860	2.470019	
8	-0.086609	-0.326297	2.597077	9	0.039253	-0.507862	2.557837	10	-0.036000	-0.670534	2.480088	11	-0.070363	-0.726860	2.470019	
8	-0.087093	-0.326225	2.596569	9	0.042768	-0.512765	2.560155	10	-0.029627	-0.673003	2.467672	11	-0.062022	-0.725245	2.452499	
8	-0.087093	-0.326225	2.596569	9	0.042768	-0.512765	2.560155	10	-0.029627	-0.673003	2.467672	11	-0.062022	-0.725245	2.452499	
8	-0.087419	-0.326181	2.596197	9	0.045258	-0.518414	2.562673	10	-0.024975	-0.674803	2.455276	11	-0.054852	-0.723852	2.433484	
8	-0.087419	-0.326181	2.596197	9	0.045258	-0.518414	2.562673	10	-0.024975	-0.674803	2.455276	11	-0.054852	-0.723852	2.433484	
8	-0.081337	-0.327956	2.597201	9	0.047245	-0.523068	2.564827	10	-0.002297	-0.696436	2.462054	11	-0.032410	-0.739984	2.432611	
8	-0.077097	-0.328941	2.597962	9	0.049615	-0.524140	2.566756	10	0.004433	-0.700848	2.468559	11	-0.023457	-0.745437	2.435639	
8	-0.077097	-0.328941	2.597962	9	0.049615	-0.524140	2.566756	10	0.004433	-0.700848	2.468559	11	-0.023457	-0.745437	2.435639	
8	-0.077097	-0.328941	2.597962	9	0.049615	-0.524140	2.566756	10	0.004433	-0.700848	2.468559	11	-0.023457	-0.745437	2.435639	
8	-0.073956	-0.329290	2.598693	9	0.051614	-0.524842	2.568338	10	0.009858	-0.706284	2.481980	11	-0.012034	-0.758254	2.459911	
8	-0.073956	-0.329290	2.598693	9	0.051614	-0.524842	2.568338	10	0.009858	-0.706284	2.481980	11	-0.012034	-0.758254	2.459911	
8	-0.071662	-0.329503	2.599257	9	0.052601	-0.526088	2.569740	10	0.025175	-0.721203	2.556425	11	0.013453	-0.782307	2.556063	
8	-0.071662	-0.329503	2.599257	9	0.052601	-0.526088	2.569740	10	0.025175	-0.721203	2.556425	11	0.013453	-0.782307	2.556063	
8	-0.071662	-0.329503	2.599257	9	0.052601	-0.526088	2.569740	10	0.025175	-0.721203	2.556425	11	0.013453	-0.782307	2.556063	
8	-0.069955	-0.329647	2.599692	9	0.053297	-0.527186	2.570981	10	0.031305	-0.727797	2.588643	11	0.025008	-0.794312	2.605363	
8	-0.069955	-0.329647	2.599692	9	0.053297	-0.527186	2.570981	10	0.031305	-0.727797	2.588643	11	0.025008	-0.794312	2.605363	
8	-0.068700	-0.329729	2.600029	9	0.053694	-0.528197	2.572191	10	0.036867	-0.732078	2.600762	11	0.032882	-0.800477	2.621161	
8	-0.068700	-0.329729	2.600029	9	0.053694	-0.528197	2.572191	10	0.036867	-0.732078	2.600762	11	0.032882	-0.800477	2.621161	
8	-0.066933	-0.329607	2.600767	9	0.054563	-0.528929	2.573960	10	0.055858	-0.768176	2.655928	11	0.057700	-0.849049	2.689175	
8	-0.065710	-0.329556	2.601340	9	0.054916	-0.530085	2.576041	10	-0.058974	-0.769303	2.598261	11	-0.077367	-0.853503	2.624623	
8	-0.065710	-0.329556	2.601340	9	0.054916	-0.530085	2.576041	10	-0.058974	-0.769303	2.598261	11	-0.077367	-0.853503	2.624623	
8	-0.065710	-0.329556	2.601340	9	0.054916	-0.530085	2.576041	10	-0.058974	-0.769303	2.598261	11	-0.077367	-0.853503	2.624623	
8	-0.064794	-0.329603	2.601773	9	0.054841	-0.531539	2.578504	10	-0.078729	-0.780020	2.603932	11	-0.127401	-0.862124	2.608944	
8	-0.064794	-0.329603	2.601773	9	0.054841	-0.531539	2.578504	10	-0.078729	-0.780020	2.603932	11	-0.127401	-0.862124	2.608944	
8	-0.063412	-0.329635	2.602450	9	0.054993	-0.532799	2.580743	10	-0.143269	-0.735784	2.536392	11	-0.212412	-0.809728	2.526143	
8	-0.063412	-0.329635	2.602450	9	0.054993	-0.532799	2.580743	10	-0.143269	-0.735784	2.536392	11	-0.212412	-0.809728	2.526143	
8	-0.058910	-0.329188	2.604628	9	0.068087	-0.529941	2.598655	10	-0.164007	-0.692177	2.509861	11	-0.247779	-0.747774	2.478169	
8	-0.058910	-0.329188	2.604628	9	0.068087	-0.529941	2.598655	10	-0.164007	-0.692177	2.509861	11	-0.247779	-0.747774	2.478169	
8	-0.049948	-0.330421	2.608980	9	0.072991	-0.530549	2.605098	10	-0.170118	-0.674203	2.498081	11	-0.263332	-0.725740	2.459728	
8	-0.049948	-0.330421	2.608980	9	0.072991	-0.530549	2.605098	10	-0.170118	-0.674203	2.498081	11	-0.263332	-0.725740	2.459728	
8	-0.039199	-0.331498	2.613150	9	0.075627	-0.530644	2.609413	10	-0.193183	-0.607612	2.494394	11	-0.285739	-0.636345	2.457871	
8	-0.039199	-0.331498	2.613150	9	0.075627	-0.530644	2.609413	10	-0.193183	-0.607612	2.494394	11	-0.285739	-0.636345	2.457871	
8	-0.028570	-0.332992	2.616743	9	0.078575	-0.530645	2.613712	10	-0.148984	-0.647590	2.506950	11	-0.242587	-0.667289	2.466388	
8	-0.028570	-0.332992	2.616743	9	0.078575	-0.530645	2.613712	10	-0.148984	-0.647590	2.506950	11	-0.242587	-0.667289	2.466388	
8	-0.024475	-0.333633	2.618551	9	0.080312	-0.532463	2.616958	10	-0.165826	-0.618241	2.497470	11	-0.250511	-0.648159	2.459737	
8	-0.024475	-0.333633	2.618551	9	0.080312	-0.532463	2.616958	10	-0.165826	-0.618241	2.497470	11	-0.250511	-0.648159	2.459737	
8	-0.021427	-0.334600	2.620003	9	0.081517	-0.534760	2.619454	10	-0.148633	-0.642633	2.501515	11	-0.233783	-0.666678	2.462647	
8	-0.021427	-0.334600	2.620003	9	0.081517	-0.534760	2.619454	10	-0.148633	-0.642633	2.501515	11	-0.233783	-0.666678	2.462647	
8	-0.021427	-0.334600	2.620003	9	0.081517	-0.534760	2.619454	10	-0.148633	-0.642633	2.501515	11	-0.233783	-0.666678	2.462647	
8	-0.019275	-0.335665	2.621223	9	0.082909	-0.536161	2.621943	10	-0.135946	-0.657475	2.507488	11	-0.218804	-0.682825	2.468367	
8	-0.019275	-0.335665	2.621223	9	0.082909	-0.536161	2.621943	10	-0.135946	-0.657475	2.507488	11	-0.218804	-0.682825	2.468367	
8	-0.017896	-0.336534	2.622159	9	0.081239	-0.567379	2.629536	10	-0.135723	-0.674623	2.510729	11	-0.215218	-0.695290	2.470896	
8	-0.017896	-0.336534	2.622159	9	0.081239	-0.567379	2.629536	10	-0.135723	-0.674623	2.510729	11	-0.215218	-0.695290	2.470896	
8	-0.016672	-0.338333	2.623419	9	0.080549	-0.579583	2.632554	10	-0.134576	-0.695456	2.515060	11	-0.210694	-0.716959	2.475831	
8	-0.016672	-0.338333	2.623419	9	0.080549	-0.579583	2.632554	10	-0.134576	-0.695456	2.515060	11	-0.210694	-0.716959	2.475831	
8	-0.016122	-0.339968	2.624574	9	0.079652	-0.585437	2.634405	10	-0.141745	-0.695225	2.519145	11	-0.212760	-0.720506	2.479346	
8	-0.016122	-0.339968	2.624574	9	0.079652	-0.585437	2.634405	10	-0.141745	-0.695225	2.519145	11	-0.212760	-0.720506	2.479346	
8	-0.016122	-0.339968	2.624574	9	0.079652	-0.585437	2.634405	10	-0.141745	-0.695225	2.519145	11	-0.212760	-0.720506	2.479346	
8	-0.015536	-0.341371	2.625581	9	0.078821	-0.589100	2.635792	10	-0.147455	-0.693179	2.521813	11	-0.215375	-0.722220	2.482189	
8	-0.015536	-0.341371	2.625581	9	0.078821	-0.589100	2.635792	10	-0.147455	-0.693179	2.521813	11	-0.215375	-0.722220	2.482189	
8	-0.015142	-0.342525	2.626370	9	0.077715	-0.591131	2.637237	10	-0.152294	-0.689309	2.524065	11	-0.218730	-0.721764	2.484846	
8	-0.015142	-0.342525	2.626370	9	0.077715	-0.591131	2.637237	10	-0.152294	-0.689309	2.524065	11	-0.218730	-0.721764	2.484846	
8	-0.014563	-0.343963	2.627351	9	0.076764	-0.592082	2.638672	10	-0.153150	-0.689151	2.523870	11	-0.219220	-0.723058	2.485435	
8	-0.014563	-0.343963	2.627351	9	0.076764	-0.592082	2.638672	10	-0.153150	-0.689151	2.523870	11	-0.219220	-0.723058	2.485435	
8	-0.013768	-0.345545	2.628440	9	0.075913	-0.591839	2.640272	10	-0.153981	-0.687323	2.523820	11	-0.220250	-0.722762	2.485880	
8	-0.013768	-0.345545	2.628440	9	0.075913	-0.591839	2.640272	10	-0.153981	-0.687323	2.523820	11	-0.220250	-0.722762	2.485880	
8	-0.012938	-0.347022	2.629442	9	0.075424	-0.591229	2.641999	10	-0.153328	-0.687470	2.523672	11	-0.220425	-0.723467	2.486221	
8	-0.012938	-0.347022	2.629442	9	0.075424	-0.591229	2.641999	10	-0.153328	-0.687470	2.523672	11	-0.220425	-0.723467	2.486221	
8	-0.012938	-0.347022	2.629442	9	0.075424	-0.591229	2.641999	10	-0.153328	-0.687470	2.523672	11	-0.220425	-0.723467	2.486221	
8	-0.012114	-0.348302	2.630403	9	0.075292	-0.589958	2.644135	10	-0.151848	-0.687702	2.523672	11	-0.220347	-0.724036	2.486470	
8	-0.012114	-0.348302	2.630403	9	0.075292	-0.589958	2.644135	10	-0.151848	-0.687702	2.523672	11	-0.220347	-0.724036	2.486470	
8	-0.007810	-0.351229	2.632761	9	0.075871	-0.588630	2.647054	10	-0.130731	-0.710074	2.525686	11	-0.206890	-0.742017	2.487301	
8	-0.007810	-0.351229	2.632761	9	0.075871	-0.588630	2.647054	10	-0.130731	-0.710074	2.525686	11	-0.206890	-0.742017	2.487301	
8	-0.003930	-0.353197	2.634809	9	0.076769	-0.587855	2.649789	10	-0.139929	-0.679585	2.531584	11	-0.215435	-0.716768	2.491940	
8	-0.003930	-0.353197	2.634809	9	0.076769	-0.587855	2.649789	10	-0.139929	-0.679585	2.531584	11	-0.215435	-0.716768	2.491940	
8	-0.001133	-0.354544	2.636293	9	0.078028	-0.587317	2.652613	10	-0.124369	-0.691708	2.522402	11	-0.202815	-0.725719	2.484086	
8	0.001864	-0.355503	2.638182	9	0.079162	-0.586925	2.654913	10	-0.119612	-0.693369	2.518672	11	-0.197307	-0.727554	2.479334	
8	0.001864	-0.355503	2.638182	9	0.079162	-0.586925	2.654913	10	-0.119612	-0.693369	2.518672	11	-0.197307	-0.727554	2.479334	
8	0.001864	-0.355503	2.638182	9	0.079162	-0.586925	2.654913	10	-0.119612	-0.693369	2.518672	11	-0.197307	-0.727554	2.479334	
8	0.004071	-0.356164	2.639695	9	0.080526	-0.586786	2.657349	10	-0.117304	-0.693710	2.517459	11	-0.194755	-0.727814	2.477398	
8	0.004071	-0.356164	2.639695	9	0.080526	-0.586786	2.657349	10	-0.117304	-0.693710	2.517459	11	-0.194755	-0.727814	2.477398	
8	0.005585	-0.356605	2.640917	9	0.081703	-0.586755	2.659352	10	-0.119833	-0.688159	2.517900	11	-0.194907	-0.723921	2.476527	
8	0.005585	-0.356605	2.640917	9	0.081703	-0.586755	2.659352	10	-0.119833	-0.688159	2.517900	11	-0.194907	-0.723921	2.476527	
8	0.006678	-0.356928	2.641921	9	0.082891	-0.586948	2.661468	10	-0.130422	-0.665381	2.520933	11	-0.201546	-0.703393	2.477096	
8	0.006678	-0.356928	2.641921	9	0.082891	-0.586948	2.661468	10	-0.130422	-0.665381	2.520933	11	-0.201546	-0.703393	2.477096	
8	0.007458	-0.357030	2.643122	9	0.084000	-0.587377	2.663674	10	-0.135149	-0.657072	2.523973	11	-0.205881	-0.692589	2.479244	
8	0.007458	-0.357030	2.643122	9	0.084000	-0.587377	2.663674	10	-0.135149	-0.657072	2.523973	11	-0.205881	-0.692589	2.479244	
8	0.008476	-0.357102	2.644857	9	0.085241	-0.587840	2.665678	10	-0.134089	-0.645982	2.518355	11	-0.204873	-0.677019	2.472079	
8	0.008476	-0.357102	2.644857	9	0.085241	-0.587840	2.665678	10	-0.134089	-0.645982	2.518355	11	-0.204873	-0.677019	2.472079	
8	0.009234	-0.357062	2.646559	9	0.088558	-0.581768	2.671617	10	-0.132322	-0.643629	2.521536	11	-0.204184	-0.672898	2.472979	
8	0.009234	-0.357062	2.646559	9	0.088558	-0.581768	2.671617	10	-0.132322	-0.643629	2.521536	11	-0.204184	-0.672898	2.472979	
8	0.009990	-0.356895	2.648463	9	0.090809	-0.581510	2.675463	10	-0.129797	-0.644843	2.524000	11	-0.203228	-0.670684	2.473579	
8	0.009990	-0.356895	2.648463	9	0.090809	-0.581510	2.675463	10	-0.129797	-0.644843	2.524000	11	-0.203228	-0.670684	2.473579	
8	0.010677	-0.356756	2.650198	9	0.092475	-0.581636	2.678269	10	-0.124465	-0.656487	2.529272	11	-0.199867	-0.676491	2.477092	
8	0.010677	-0.356756	2.650198	9	0.092475	-0.581636	2.678269	10	-0.124465	-0.656487	2.529272	11	-0.199867	-0.676491	2.477092	
8	0.010989	-0.356668	2.651816	9	0.097495	-0.578186	2.680815	10	-0.118756	-0.637527	2.526730	11	-0.193062	-0.646920	2.473460	
8	0.010989	-0.356668	2.651816	9	0.097495	-0.578186	2.680815	10	-0.118756	-0.637527	2.526730	11	-0.193062	-0.646920	2.473460	
8	0.011184	-0.356629	2.653214	9	0.100397	-0.576479	2.682300	10	-0.118017	-0.582798	2.528444	11	-0.193745	-0.572067	2.478279	
8	0.011184	-0.356629	2.653214	9	0.100397	-0.576479	2.682300	10	-0.118017	-0.582798	2.528444	11	-0.193745	-0.572067	2.478279	
8	0.011184	-0.356629	2.653214	9	0.100397	-0.576479	2.682300	10	-0.118017	-0.582798	2.528444	11	-0.193745	-0.572067	2.478279	
8	0.011382	-0.356678	2.654457	9	0.101990	-0.576933	2.683819	10	-0.115349	-0.483354	2.569058	11	-0.132566	-0.436580	2.572927	
8	0.011382	-0.356678	2.654457	9	0.101990	-0.576933	2.683819	10	-0.115349	-0.483354	2.569058	11	-0.132566	-0.436580	2.572927	
8	0.011561	-0.356731	2.655517	9	0.103009	-0.578249	2.685137	10	-0.114014	-0.425510	2.596259	11	-0.093001	-0.358600	2.635156	
8	0.011561	-0.356731	2.655517	9	0.103009	-0.578249	2.685137	10	-0.114014	-0.425510	2.596259	11	-0.093001	-0.358600	2.635156	
8	0.011845	-0.356737	2.656591	9	0.103491	-0.579960	2.685975	10	-0.113790	-0.410383	2.604389	11	-0.079631	-0.329201	2.656436	
8	0.011845	-0.356737	2.656591	9	0.103491	-0.579960	2.685975	10	-0.113790	-0.410383	2.604389	11	-0.079631	-0.329201	2.656436	
8	0.012073	-0.356759	2.657472	9	0.103681	-0.581581	2.686503	10	-0.113781	-0.407678	2.609211	11	-0.073939	-0.321262	2.666995	
8	0.012073	-0.356759	2.657472	9	0.103681	-0.581581	2.686503	10	-0.113781	-0.407678	2.609211	11	-0.073939	-0.321262	2.666995	
8	0.012073	-0.356759	2.657472	9	0.103681	-0.581581	2.686503	10	-0.113781	-0.407678	2.609211	11	-0.073939	-0.321262	2.666995	
8	0.012291	-0.356804	2.658190	9	0.103681	-0.583083	2.686826	10	-0.113889	-0.408542	2.611938	11	-0.072368	-0.323905	2.671222	
8	0.012485	-0.356834	2.658765	9	0.103248	-0.585007	2.687089	10	-0.114273	-0.415095	2.612480	11	-0.076021	-0.338915	2.667504	
8	0.012485	-0.356834	2.658765	9	0.103248	-0.585007	2.687089	10	-0.114273	-0.415095	2.612480	11	-0.076021	-0.338915	2.667504	
8	0.012652	-0.356863	2.659224	9	0.103179	-0.585935	2.686869	10	-0.114933	-0.425615	2.609587	11	-0.081394	-0.355087	2.660177	
8	0.012652	-0.356863	2.659224	9	0.103179	-0.585935	2.686869	10	-0.114933	-0.425615	2.609587	11	-0.081394	-0.355087	2.660177	
8	0.012795	-0.356889	2.659598	9	0.102888	-0.586985	2.686646	10	-0.115381	-0.433516	2.606980	11	-0.085836	-0.367672	2.653722	
8	0.012795	-0.356889	2.659598	9	0.102888	-0.586985	2.686646	10	-0.115381	-0.433516	2.606980	11	-0.085836	-0.367672	2.653722	
8	0.012795	-0.356889	2.659598	9	0.102888	-0.586985	2.686646	10	-0.115381	-0.433516	2.606980	11	-0.085836	-0.367672	2.653722	
8	0.012917	-0.356916	2.659904	9	0.101682	-0.585493	2.686488	10	-0.117164	-0.436807	2.604620	11	-0.090772	-0.374630	2.648170	
8	0.012917	-0.356916	2.659904	9	0.101682	-0.585493	2.686488	10	-0.117164	-0.436807	2.604620	11	-0.090772	-0.374630	2.648170	
8	0.012990	-0.356932	2.660139	9	0.101051	-0.584832	2.686183	10	-0.118299	-0.440394	2.600362	11	-0.094280	-0.380695	2.641982	
8	0.012990	-0.356932	2.660139	9	0.101051	-0.584832	2.686183	10	-0.118299	-0.440394	2.600362	11	-0.094280	-0.380695	2.641982	
8	0.013045	-0.356939	2.660325	9	0.100396	-0.584824	2.685768	10	-0.118861	-0.442646	2.597971	11	-0.096484	-0.384687	2.638078	
8	0.013045	-0.356939	2.660325	9	0.100396	-0.584824	2.685768	10	-0.118861	-0.442646	2.597971	11	-0.096484	-0.384687	2.638078	
8	0.013073	-0.356933	2.660472	9	0.099909	-0.584774	2.685351	10	-0.119226	-0.444146	2.596307	11	-0.098008	-0.387404	2.635323	
8	0.013073	-0.356933	2.660472	9	0.099909	-0.584774	2.685351	10	-0.119226	-0.444146	2.596307	11	-0.098008	-0.387404	2.635323	
8	0.013092	-0.356926	2.660587	9	0.099556	-0.584592	2.684871	10	-0.105791	-0.534482	2.532389	11	-0.145656	-0.507966	2.512267	
8	0.013092	-0.356926	2.660587	9	0.099556	-0.584592	2.684871	10	-0.105791	-0.534482	2.532389	11	-0.145656	-0.507966	2.512267	
8	0.013092	-0.356926	2.660587	9	0.099556	-0.584592	2.684871	10	-0.105791	-0.534482	2.532389	11	-0.145656	-0.507966	2.512267	
8	0.013098	-0.356908	2.660680	9	0.099166	-0.584724	2.684240	10	-0.099451	-0.576952	2.509634	11	-0.169268	-0.575387	2.454283	
8	0.013098	-0.356908	2.660680	9	0.099166	-0.584724	2.684240	10	-0.099451	-0.576952	2.509634	11	-0.169268	-0.575387	2.454283	
8	0.013049	-0.356876	2.660762	9	0.098597	-0.585110	2.683589	10	-0.112693	-0.659575	2.507148	11	-0.204484	-0.686500	2.438850	
8	0.013049	-0.356876	2.660762	9	0.098597	-0.585110	2.683589	10	-0.112693	-0.659575	2.507148	11	-0.204484	-0.686500	2.438850	
8	0.012957	-0.356845	2.660813	9	0.097993	-0.585589	2.682938	10	-0.121437	-0.696562	2.510945	11	-0.218131	-0.730275	2.433969	
8	0.012957	-0.356845	2.660813	9	0.097993	-0.585589	2.682938	10	-0.121437	-0.696562	2.510945	11	-0.218131	-0.730275	2.433969	
8	0.012786	-0.356819	2.660815	9	0.097374	-0.586053	2.682359	10	-0.126130	-0.699664	2.517570	11	-0.223163	-0.747040	2.439334	
8	0.012786	-0.356819	2.660815	9	0.097374	-0.586053	2.682359	10	-0.126130	-0.699664	2.517570	11	-0.223163	-0.747040	2.439334	
8	0.012603	-0.356791	2.660802	9	0.095417	-0.593426	2.680834	10	-0.126762	-0.716116	2.512741	11	-0.224885	-0.761788	2.437937	
8	0.012603	-0.356791	2.660802	9	0.095417	-0.593426	2.680834	10	-0.126762	-0.716116	2.512741	11	-0.224885	-0.761788	2.437937	
8	0.011491	-0.356842	2.660336	9	0.095075	-0.597397	2.679716	10	-0.089303	-0.572130	2.519082	11	-0.164267	-0.583869	2.461688	
8	0.011491	-0.356842	2.660336	9	0.095075	-0.597397	2.679716	10	-0.089303	-0.572130	2.519082	11	-0.164267	-0.583869	2.461688	
8	0.011491	-0.356842	2.660336	9	0.095075	-0.597397	2.679716	10	-0.089303	-0.572130	2.519082	11	-0.164267	-0.583869	2.461688	
8	0.010259	-0.356928	2.659734	9	0.094794	-0.599831	2.679072	10	-0.104544	-0.496972	2.556133	11	-0.115922	-0.462347	2.556061	
8	0.009269	-0.356984	2.659247	9	0.094543	-0.601236	2.678715	10	-0.106939	-0.451849	2.568496	11	-0.139925	-0.381717	2.570690	
8	0.009269	-0.356984	2.659247	9	0.094543	-0.601236	2.678715	10	-0.106939	-0.451849	2.568496	11	-0.139925	-0.381717	2.570690	
8	0.009269	-0.356984	2.659247	9	0.094543	-0.601236	2.678715	10	-0.106939	-0.451849	2.568496	11	-0.139925	-0.381717	2.570690	
8	0.008436	-0.357028	2.658834	9	0.094366	-0.602130	2.678451	10	-0.112158	-0.434137	2.574610	11	-0.181133	-0.399494	2.557332	
8	0.007324	-0.357162	2.658327	9	0.094220	-0.602763	2.678252	10	-0.119160	-0.430223	2.583430	11	-0.141051	-0.360141	2.606727	
8	0.007324	-0.357162	2.658327	9	0.094220	-0.602763	2.678252	10	-0.119160	-0.430223	2.583430	11	-0.141051	-0.360141	2.606727	
8	0.007324	-0.357162	2.658327	9	0.094220	-0.602763	2.678252	10	-0.119160	-0.430223	2.583430	11	-0.141051	-0.360141	2.606727	
8	0.006395	-0.357286	2.657908	9	0.094085	-0.603132	2.678100	10	-0.120276	-0.415200	2.594878	11	-0.120977	-0.351655	2.633633	
8	0.005650	-0.357373	2.657585	9	0.093961	-0.603240	2.678004	10	-0.120823	-0.411775	2.602094	11	-0.108667	-0.347708	2.647855	
8	0.005650	-0.357373	2.657585	9	0.093961	-0.603240	2.678004	10	-0.120823	-0.411775	2.602094	11	-0.108667	-0.347708	2.647855	
8	0.005283	-0.357349	2.657433	9	0.093878	-0.603180	2.677953	10	-0.120594	-0.414216	2.606758	11	-0.100125	-0.348408	2.655892	
8	0.005283	-0.357349	2.657433	9	0.093878	-0.603180	2.677953	10	-0.120594	-0.414216	2.606758	11	-0.100125	-0.348408	2.655892	
8	0.005283	-0.357349	2.657433	9	0.093878	-0.603180	2.677953	10	-0.120594	-0.414216	2.606758	11	-0.100125	-0.348408	2.655892	
8	0.005004	-0.357299	2.657335	9	0.093811	-0.602877	2.677917	10	-0.120917	-0.423623	2.606755	11	-0.094789	-0.355512	2.657590	
8	0.005004	-0.357299	2.657335	9	0.093811	-0.602877	2.677917	10	-0.120917	-0.423623	2.606755	11	-0.094789	-0.355512	2.657590	
8	0.004807	-0.357249	2.657283	9	0.093817	-0.602355	2.677914	10	-0.120288	-0.428189	2.607117	11	-0.091300	-0.361097	2.657669	
8	0.004807	-0.357249	2.657283	9	0.093817	-0.602355	2.677914	10	-0.120288	-0.428189	2.607117	11	-0.091300	-0.361097	2.657669	
8	0.004807	-0.357249	2.657283	9	0.093817	-0.602355	2.677914	10	-0.120288	-0.428189	2.607117	11	-0.091300	-0.361097	2.657669	
8	0.004685	-0.357196	2.657276	9	0.093857	-0.601750	2.678033	10	-0.119594	-0.432098	2.606839	11	-0.089493	-0.366828	2.656023	
8	0.004685	-0.357196	2.657276	9	0.093857	-0.601750	2.678033	10	-0.119594	-0.432098	2.606839	11	-0.089493	-0.366828	2.656023	
8	0.004670	-0.357121	2.657349	9	0.093939	-0.601115	2.678152	10	-0.119038	-0.435809	2.605829	11	-0.089070	-0.372580	2.653059	
8	0.004670	-0.357121	2.657349	9	0.093939	-0.601115	2.678152	10	-0.119038	-0.435809	2.605829	11	-0.089070	-0.372580	2.653059	
8	0.004744	-0.357026	2.657490	9	0.094027	-0.600503	2.678277	10	-0.118578	-0.438513	2.604844	11	-0.089285	-0.377179	2.650092	
8	0.004894	-0.356928	2.657684	9	0.094125	-0.600011	2.678460	10	-0.118167	-0.440784	2.603861	11	-0.089842	-0.381022	2.647316	
8	0.004894	-0.356928	2.657684	9	0.094125	-0.600011	2.678460	10	-0.118167	-0.440784	2.603861	11	-0.089842	-0.381022	2.647316	
8	0.004894	-0.356928	2.657684	9	0.094125	-0.600011	2.678460	10	-0.118167	-0.440784	2.603861	11	-0.089842	-0.381022	2.647316	
8	0.004927	-0.356898	2.657784	9	0.094125	-0.589567	2.681078	10	-0.123159	-0.454250	2.583039	11	-0.159067	-0.411423	2.573743	
8	0.004927	-0.356898	2.657784	9	0.094125	-0.589567	2.681078	10	-0.123159	-0.454250	2.583039	11	-0.159067	-0.411423	2.573743	
8	0.004967	-0.356879	2.657885	9	0.093861	-0.586877	2.682560	10	-0.123881	-0.457976	2.577598	11	-0.190348	-0.421443	2.541555	
8	0.004967	-0.356879	2.657885	9	0.093861	-0.586877	2.682560	10	-0.123881	-0.457976	2.577598	11	-0.190348	-0.421443	2.541555	
8	0.005026	-0.356851	2.658010	9	0.093719	-0.585532	2.683342	10	-0.124172	-0.460401	2.574270	11	-0.203377	-0.426157	2.527769	
8	0.005026	-0.356851	2.658010	9	0.093719	-0.585532	2.683342	10	-0.124172	-0.460401	2.574270	11	-0.203377	-0.426157	2.527769	
8	0.005026	-0.356851	2.658010	9	0.093719	-0.585532	2.683342	10	-0.124172	-0.460401	2.574270	11	-0.203377	-0.426157	2.527769	
8	0.005144	-0.356810	2.658204	9	0.093642	-0.584634	2.683921	10	-0.124162	-0.460493	2.574760	11	-0.156249	-0.413306	2.572854	
8	0.005144	-0.356810	2.658204	9	0.093642	-0.584634	2.683921	10	-0.124162	-0.460493	2.574760	11	-0.156249	-0.413306	2.572854	
8	0.005238	-0.356745	2.658375	9	0.093589	-0.584202	2.684385	10	-0.121843	-0.454730	2.581046	11	-0.119663	-0.397676	2.609492	
8	0.005361	-0.356673	2.658579	9	0.093673	-0.584219	2.684651	10	-0.120229	-0.451156	2.585671	11	-0.104230	-0.391665	2.625036	
8	0.005361	-0.356673	2.658579	9	0.093673	-0.584219	2.684651	10	-0.120229	-0.451156	2.585671	11	-0.104230	-0.391665	2.625036	
8	0.005361	-0.356673	2.658579	9	0.093673	-0.584219	2.684651	10	-0.120229	-0.451156	2.585671	11	-0.104230	-0.391665	2.625036	
8	0.005594	-0.356601	2.658870	9	0.102100	-0.547657	2.687467	10	-0.123011	-0.441727	2.590162	11	-0.157870	-0.389208	2.600425	
8	0.005735	-0.356584	2.659067	9	0.103649	-0.553670	2.685403	10	-0.122485	-0.439910	2.592649	11	-0.141050	-0.386540	2.613696	
8	0.005735	-0.356584	2.659067	9	0.103649	-0.553670	2.685403	10	-0.122485	-0.439910	2.592649	11	-0.141050	-0.386540	2.613696	
8	0.005735	-0.356584	2.659067	9	0.103649	-0.553670	2.685403	10	-0.122485	-0.439910	2.592649	11	-0.141050	-0.386540	2.613696	
8	0.005853	-0.356571	2.659220	9	0.102732	-0.564296	2.683407	10	-0.122124	-0.438839	2.594444	11	-0.129008	-0.385395	2.622421	
8	0.005853	-0.356571	2.659220	9	0.102732	-0.564296	2.683407	10	-0.122124	-0.438839	2.594444	11	-0.129008	-0.385395	2.622421	
8	0.005853	-0.356571	2.659220	9	0.102732	-0.564296	2.683407	10	-0.122124	-0.438839	2.594444	11	-0.129008	-0.385395	2.622421	
8	0.005957	-0.356549	2.659352	9	0.097052	-0.561467	2.676497	10	-0.128985	-0.433579	2.594045	11	-0.126516	-0.382705	2.625565	
8	0.006048	-0.356524	2.659470	9	0.095351	-0.563256	2.674142	10	-0.130159	-0.432300	2.594518	11	-0.123318	-0.381488	2.628190	
8	0.006048	-0.356524	2.659470	9	0.095351	-0.563256	2.674142	10	-0.130159	-0.432300	2.594518	11	-0.123318	-0.381488	2.628190	
8	0.006168	-0.356460	2.659630	9	0.094784	-0.567905	2.672803	10	-0.130221	-0.432582	2.594791	11	-0.119359	-0.381402	2.630181	
8	0.006168	-0.356460	2.659630	9	0.094784	-0.567905	2.672803	10	-0.130221	-0.432582	2.594791	11	-0.119359	-0.381402	2.630181	
8	0.006274	-0.356398	2.659767	9	0.094491	-0.573327	2.672374	10	-0.128742	-0.436557	2.592069	11	-0.115342	-0.382838	2.630050	
8	0.006274	-0.356398	2.659767	9	0.094491	-0.573327	2.672374	10	-0.128742	-0.436557	2.592069	11	-0.115342	-0.382838	2.630050	
8	0.006351	-0.356351	2.659868	9	0.094400	-0.574275	2.673291	10	-0.128611	-0.437289	2.591616	11	-0.165959	-0.393077	2.589284	
8	0.006351	-0.356351	2.659868	9	0.094400	-0.574275	2.673291	10	-0.128611	-0.437289	2.591616	11	-0.165959	-0.393077	2.589284	
8	0.006351	-0.356351	2.659868	9	0.094400	-0.574275	2.673291	10	-0.128611	-0.437289	2.591616	11	-0.165959	-0.393077	2.589284	
8	0.006411	-0.356290	2.659967	9	0.094219	-0.576061	2.674301	10	-0.128213	-0.438195	2.591457	11	-0.153318	-0.393501	2.595520	
8	0.006411	-0.356290	2.659967	9	0.094219	-0.576061	2.674301	10	-0.128213	-0.438195	2.591457	11	-0.153318	-0.393501	2.595520	
8	0.006466	-0.356223	2.660058	9	0.094214	-0.577463	2.675315	10	-0.127737	-0.439063	2.591476	11	-0.139932	-0.393201	2.603526	
8	0.006466	-0.356223	2.660058	9	0.094214	-0.577463	2.675315	10	-0.127737	-0.439063	2.591476	11	-0.139932	-0.393201	2.603526	
8	0.006514	-0.356163	2.660136	9	0.094205	-0.578993	2.675963	10	-0.121734	-0.461512	2.562453	11	-0.169638	-0.421791	2.541168	
8	0.006514	-0.356163	2.660136	9	0.094205	-0.578993	2.675963	10	-0.121734	-0.461512	2.562453	11	-0.169638	-0.421791	2.541168	
8	0.006514	-0.356163	2.660136	9	0.094205	-0.578993	2.675963	10	-0.121734	-0.461512	2.562453	11	-0.169638	-0.421791	2.541168	
8	0.006773	-0.356084	2.660334	9	0.094453	-0.580813	2.676789	10	-0.119651	-0.459437	2.570724	11	-0.134514	-0.409152	2.582132	
8	0.006773	-0.356084	2.660334	9	0.094453	-0.580813	2.676789	10	-0.119651	-0.459437	2.570724	11	-0.134514	-0.409152	2.582132	
8	0.007026	-0.356008	2.660523	9	0.094716	-0.582223	2.677465	10	-0.118824	-0.459031	2.574114	11	-0.116688	-0.402308	2.604843	
8	0.007026	-0.356008	2.660523	9	0.094716	-0.582223	2.677465	10	-0.118824	-0.459031	2.574114	11	-0.116688	-0.402308	2.604843	
8	0.007273	-0.355937	2.660702	9	0.094976	-0.583287	2.677964	10	-0.118221	-0.457214	2.578289	11	-0.107368	-0.399121	2.614985	
8	0.007273	-0.355937	2.660702	9	0.094976	-0.583287	2.677964	10	-0.118221	-0.457214	2.578289	11	-0.107368	-0.399121	2.614985	
8	0.007535	-0.355849	2.660900	9	0.095143	-0.584099	2.678375	10	-0.117888	-0.454846	2.582010	11	-0.101564	-0.396791	2.621369	
8	0.007535	-0.355849	2.660900	9	0.095143	-0.584099	2.678375	10	-0.117888	-0.454846	2.582010	11	-0.101564	-0.396791	2.621369	
8	0.007780	-0.355764	2.661083	9	0.095280	-0.584910	2.678756	10	-0.117696	-0.452974	2.584894	11	-0.097783	-0.395302	2.625547	
8	0.007780	-0.355764	2.661083	9	0.095280	-0.584910	2.678756	10	-0.117696	-0.452974	2.584894	11	-0.097783	-0.395302	2.625547	
8	0.008085	-0.355748	2.661259	9	0.095391	-0.585758	2.679170	10	-0.117605	-0.451636	2.587121	11	-0.095199	-0.394343	2.628423	
8	0.008085	-0.355748	2.661259	9	0.095391	-0.585758	2.679170	10	-0.117605	-0.451636	2.587121	11	-0.095199	-0.394343	2.628423	
8	0.008360	-0.355749	2.661400	9	0.095468	-0.586578	2.679634	10	-0.117633	-0.450566	2.589096	11	-0.093399	-0.393641	2.630563	
8	0.008360	-0.355749	2.661400	9	0.095468	-0.586578	2.679634	10	-0.117633	-0.450566	2.589096	11	-0.093399	-0.393641	2.630563	
8	0.008609	-0.355757	2.661522	9	0.095531	-0.587268	2.680014	10	-0.117778	-0.449889	2.590728	11	-0.092393	-0.393079	2.632424	
8	0.008609	-0.355757	2.661522	9	0.095531	-0.587268	2.680014	10	-0.117778	-0.449889	2.590728	11	-0.092393	-0.393079	2.632424	
8	0.008810	-0.355761	2.661630	9	0.095576	-0.587829	2.680330	10	-0.118163	-0.449116	2.592771	11	-0.091913	-0.392629	2.633877	
8	0.008810	-0.355761	2.661630	9	0.095576	-0.587829	2.680330	10	-0.118163	-0.449116	2.592771	11	-0.091913	-0.392629	2.633877	
8	0.008810	-0.355761	2.661630	9	0.095576	-0.587829	2.680330	10	-0.118163	-0.449116	2.592771	11	-0.091913	-0.392629	2.633877	
8	0.008978	-0.355763	2.661724	9	0.095600	-0.588359	2.680618	10	-0.118471	-0.448591	2.594282	11	-0.091796	-0.392311	2.634950	
8	0.008978	-0.355763	2.661724	9	0.095600	-0.588359	2.680618	10	-0.118471	-0.448591	2.594282	11	-0.091796	-0.392311	2.634950	
8	0.009112	-0.355764	2.661803	9	0.095579	-0.588887	2.680825	10	-0.118698	-0.448170	2.595377	11	-0.091929	-0.392049	2.635710	
8	0.009112	-0.355764	2.661803	9	0.095579	-0.588887	2.680825	10	-0.118698	-0.448170	2.595377	11	-0.091929	-0.392049	2.635710	
8	0.009216	-0.355749	2.661877	9	0.095558	-0.589351	2.680989	10	-0.118847	-0.447430	2.596833	11	-0.092199	-0.391665	2.636456	
8	0.009216	-0.355749	2.661877	9	0.095558	-0.589351	2.680989	10	-0.118847	-0.447430	2.596833	11	-0.092199	-0.391665	2.636456	
8	0.009308	-0.355728	2.661943	9	0.095561	-0.589696	2.681078	10	-0.118899	-0.446767	2.597920	11	-0.092512	-0.391295	2.636996	
8	0.009308	-0.355728	2.661943	9	0.095561	-0.589696	2.681078	10	-0.118899	-0.446767	2.597920	11	-0.092512	-0.391295	2.636996	
8	0.009276	-0.355778	2.661918	9	0.095557	-0.589984	2.681139	10	-0.119815	-0.447843	2.598006	11	-0.094028	-0.392220	2.636640	
8	0.009276	-0.355778	2.661918	9	0.095557	-0.589984	2.681139	10	-0.119815	-0.447843	2.598006	11	-0.094028	-0.392220	2.636640	
8	0.009221	-0.355837	2.661877	9	0.095537	-0.590200	2.681174	10	-0.120355	-0.448576	2.597379	11	-0.095257	-0.392886	2.635754	
8	0.009221	-0.355837	2.661877	9	0.095537	-0.590200	2.681174	10	-0.120355	-0.448576	2.597379	11	-0.095257	-0.392886	2.635754	
8	0.009221	-0.355837	2.661877	9	0.095537	-0.590200	2.681174	10	-0.120355	-0.448576	2.597379	11	-0.095257	-0.392886	2.635754	
8	0.009145	-0.355895	2.661823	9	0.095486	-0.590395	2.681197	10	-0.120671	-0.448825	2.597215	11	-0.096191	-0.393195	2.635237	
8	0.009085	-0.355945	2.661784	9	0.095413	-0.590566	2.681190	10	-0.120903	-0.448943	2.597169	11	-0.096987	-0.393359	2.634883	
8	0.009085	-0.355945	2.661784	9	0.095413	-0.590566	2.681190	10	-0.120903	-0.448943	2.597169	11	-0.096987	-0.393359	2.634883	
8	0.009009	-0.355982	2.661740	9	0.095335	-0.590711	2.681173	10	-0.121004	-0.448886	2.596935	11	-0.097560	-0.393358	2.634459	
8	0.009009	-0.355982	2.661740	9	0.095335	-0.590711	2.681173	10	-0.121004	-0.448886	2.596935	11	-0.097560	-0.393358	2.634459	
8	0.009009	-0.355982	2.661740	9	0.095335	-0.590711	2.681173	10	-0.121004	-0.448886	2.596935	11	-0.097560	-0.393358	2.634459	
8	0.008959	-0.356023	2.661704	9	0.095231	-0.590856	2.681164	10	-0.120863	-0.448065	2.597230	11	-0.097983	-0.393028	2.634388	
8	0.008959	-0.356023	2.661704	9	0.095231	-0.590856	2.681164	10	-0.120863	-0.448065	2.597230	11	-0.097983	-0.393028	2.634388	
8	0.008902	-0.356069	2.661662	9	0.095102	-0.591007	2.681145	10	-0.120927	-0.447842	2.597319	11	-0.098406	-0.392900	2.634301	
8	0.008902	-0.356069	2.661662	9	0.095102	-0.591007	2.681145	10	-0.120927	-0.447842	2.597319	11	-0.098406	-0.392900	2.634301	
8	0.008849	-0.356115	2.661621	9	0.095064	-0.591027	2.681090	10	-0.109197	-0.480711	2.552529	11	-0.142144	-0.441731	2.536683	
8	0.008849	-0.356115	2.661621	9	0.095064	-0.591027	2.681090	10	-0.109197	-0.480711	2.552529	11	-0.142144	-0.441731	2.536683	
8	0.008799	-0.356165	2.661564	9	0.095036	-0.591044	2.681042	10	-0.056820	-0.479077	2.534104	11	-0.072940	-0.434401	2.535975	
8	0.008799	-0.356165	2.661564	9	0.095036	-0.591044	2.681042	10	-0.056820	-0.479077	2.534104	11	-0.072940	-0.434401	2.535975	
8	0.008769	-0.356200	2.661523	9	0.095019	-0.591040	2.680985	10	-0.040322	-0.479972	2.526971	11	-0.065370	-0.436656	2.512437	
8	0.008769	-0.356200	2.661523	9	0.095019	-0.591040	2.680985	10	-0.040322	-0.479972	2.526971	11	-0.065370	-0.436656	2.512437	
8	0.008769	-0.356200	2.661523	9	0.095019	-0.591040	2.680985	10	-0.040322	-0.479972	2.526971	11	-0.065370	-0.436656	2.512437	
8	0.008746	-0.356225	2.661489	9	0.090475	-0.598876	2.677834	10	-0.090978	-0.458828	2.571986	11	-0.079590	-0.413892	2.570807	
8	0.008746	-0.356225	2.661489	9	0.090475	-0.598876	2.677834	10	-0.090978	-0.458828	2.571986	11	-0.079590	-0.413892	2.570807	
8	0.008721	-0.356240	2.661456	9	0.089834	-0.600898	2.677494	10	-0.101582	-0.449830	2.588897	11	-0.085836	-0.399454	2.607340	
8	0.008699	-0.356252	2.661426	9	0.089484	-0.602144	2.677316	10	-0.108490	-0.445110	2.597287	11	-0.088486	-0.391734	2.625002	
8	0.008699	-0.356252	2.661426	9	0.089484	-0.602144	2.677316	10	-0.108490	-0.445110	2.597287	11	-0.088486	-0.391734	2.625002	
8	0.008677	-0.356256	2.661400	9	0.089625	-0.602478	2.677190	10	-0.114203	-0.441412	2.603303	11	-0.090429	-0.387176	2.635056	
8	0.008677	-0.356256	2.661400	9	0.089625	-0.602478	2.677190	10	-0.114203	-0.441412	2.603303	11	-0.090429	-0.387176	2.635056	
8	0.008671	-0.356252	2.661385	9	0.089819	-0.602487	2.677323	10	-0.117642	-0.439239	2.606977	11	-0.091691	-0.384313	2.641452	
8	0.008671	-0.356252	2.661385	9	0.089819	-0.602487	2.677323	10	-0.117642	-0.439239	2.606977	11	-0.091691	-0.384313	2.641452	
8	0.008673	-0.356226	2.661382	9	0.090097	-0.602230	2.677577	10	-0.120026	-0.437716	2.609509	11	-0.092555	-0.382305	2.645900	
8	0.008673	-0.356226	2.661382	9	0.090097	-0.602230	2.677577	10	-0.120026	-0.437716	2.609509	11	-0.092555	-0.382305	2.645900	
8	0.008673	-0.356226	2.661382	9	0.090097	-0.602230	2.677577	10	-0.120026	-0.437716	2.609509	11	-0.092555	-0.382305	2.645900	
8	0.008673	-0.356226	2.661382	9	0.090097	-0.602230	2.677577	10	-0.120026	-0.437716	2.609509	11	-0.092555	-0.382305	2.645900	
8	0.008688	-0.356185	2.661378	9	0.090655	-0.601636	2.677926	10	-0.121554	-0.436954	2.610655	11	-0.093334	-0.380995	2.648869	
8	0.008702	-0.356148	2.661374	9	0.091045	-0.600945	2.678261	10	-0.122453	-0.436716	2.610633	11	-0.094209	-0.380264	2.650424	
8	0.008702	-0.356148	2.661374	9	0.091045	-0.600945	2.678261	10	-0.122453	-0.436716	2.610633	11	-0.094209	-0.380264	2.650424	
8	0.008723	-0.356101	2.661378	9	0.091409	-0.600236	2.678597	10	-0.122728	-0.436940	2.609784	11	-0.095053	-0.380045	2.650831	
8	0.008723	-0.356101	2.661378	9	0.091409	-0.600236	2.678597	10	-0.122728	-0.436940	2.609784	11	-0.095053	-0.380045	2.650831	
8	0.008744	-0.356061	2.661384	9	0.094038	-0.586488	2.680927	10	-0.123548	-0.435844	2.608396	11	-0.096612	-0.379097	2.650093	
8	0.008744	-0.356061	2.661384	9	0.094038	-0.586488	2.680927	10	-0.123548	-0.435844	2.608396	11	-0.096612	-0.379097	2.650093	
8	0.008765	-0.356000	2.661394	9	0.094765	-0.582954	2.681417	10	-0.123759	-0.435342	2.606973	11	-0.097723	-0.378672	2.648977	
8	0.008765	-0.356000	2.661394	9	0.094765	-0.582954	2.681417	10	-0.123759	-0.435342	2.606973	11	-0.097723	-0.378672	2.648977	
8	0.008765	-0.356000	2.661394	9	0.094765	-0.582954	2.681417	10	-0.123759	-0.435342	2.606973	11	-0.097723	-0.378672	2.648977	
8	0.008762	-0.355965	2.661402	9	0.095140	-0.581098	2.681713	10	-0.123915	-0.452499	2.578730	11	-0.159516	-0.406044	2.573142	
8	0.008762	-0.355965	2.661402	9	0.095140	-0.581098	2.681713	10	-0.123915	-0.452499	2.578730	11	-0.159516	-0.406044	2.573142	
8	0.008751	-0.355932	2.661416	9	0.095441	-0.579793	2.681878	10	-0.119475	-0.446099	2.579593	11	-0.142781	-0.395306	2.584223	
8	0.008751	-0.355932	2.661416	9	0.095441	-0.579793	2.681878	10	-0.119475	-0.446099	2.579593	11	-0.142781	-0.395306	2.584223	
8	0.008727	-0.355901	2.661427	9	0.095552	-0.579334	2.681944	10	-0.118187	-0.445257	2.578276	11	-0.131296	-0.391588	2.591529	
8	0.008727	-0.355901	2.661427	9	0.095552	-0.579334	2.681944	10	-0.118187	-0.445257	2.578276	11	-0.131296	-0.391588	2.591529	
8	0.008699	-0.355872	2.661439	9	0.095567	-0.579628	2.682071	10	-0.117208	-0.444492	2.578514	11	-0.121328	-0.389187	2.599824	
8	0.008699	-0.355872	2.661439	9	0.095567	-0.579628	2.682071	10	-0.117208	-0.444492	2.578514	11	-0.121328	-0.389187	2.599824	
8	0.008669	-0.355851	2.661468	9	0.095460	-0.580397	2.682284	10	-0.116610	-0.443323	2.581213	11	-0.113572	-0.387274	2.608359	
8	0.008669	-0.355851	2.661468	9	0.095460	-0.580397	2.682284	10	-0.116610	-0.443323	2.581213	11	-0.113572	-0.387274	2.608359	
8	0.008629	-0.355873	2.661494	9	0.095045	-0.581712	2.682415	10	-0.116318	-0.442036	2.584221	11	-0.108095	-0.385724	2.614931	
8	0.008629	-0.355873	2.661494	9	0.095045	-0.581712	2.682415	10	-0.116318	-0.442036	2.584221	11	-0.108095	-0.385724	2.614931	
8	0.008581	-0.355905	2.661514	9	0.094628	-0.583021	2.682515	10	-0.116053	-0.440239	2.588181	11	-0.103887	-0.384135	2.620730	
8	0.008581	-0.355905	2.661514	9	0.094628	-0.583021	2.682515	10	-0.116053	-0.440239	2.588181	11	-0.103887	-0.384135	2.620730	
8	0.008581	-0.355905	2.661514	9	0.094628	-0.583021	2.682515	10	-0.116053	-0.440239	2.588181	11	-0.103887	-0.384135	2.620730	
8	0.008533	-0.355942	2.661533	9	0.094302	-0.584186	2.682542	10	-0.115674	-0.438342	2.591931	11	-0.100690	-0.382654	2.625412	
8	0.008533	-0.355942	2.661533	9	0.094302	-0.584186	2.682542	10	-0.115674	-0.438342	2.591931	11	-0.100690	-0.382654	2.625412	
8	0.008423	-0.356008	2.661536	9	0.093965	-0.585302	2.682552	10	-0.117685	-0.441864	2.591741	11	-0.099473	-0.383959	2.627111	
8	0.008423	-0.356008	2.661536	9	0.093965	-0.585302	2.682552	10	-0.117685	-0.441864	2.591741	11	-0.099473	-0.383959	2.627111	
8	0.008312	-0.356078	2.661537	9	0.093880	-0.585866	2.682500	10	-0.118272	-0.442473	2.592663	11	-0.098455	-0.384188	2.628768	
8	0.008312	-0.356078	2.661537	9	0.093880	-0.585866	2.682500	10	-0.118272	-0.442473	2.592663	11	-0.098455	-0.384188	2.628768	
8	0.008203	-0.356154	2.661542	9	0.093879	-0.586292	2.682419	10	-0.118601	-0.442737	2.593474	11	-0.097690	-0.384284	2.630065	
8	0.008203	-0.356154	2.661542	9	0.093879	-0.586292	2.682419	10	-0.118601	-0.442737	2.593474	11	-0.097690	-0.384284	2.630065	
8	0.008203	-0.356154	2.661542	9	0.093879	-0.586292	2.682419	10	-0.118601	-0.442737	2.593474	11	-0.097690	-0.384284	2.630065	
8	0.008149	-0.356199	2.661600	9	0.093961	-0.586689	2.682299	10	-0.118811	-0.442955	2.594080	11	-0.097146	-0.384414	2.631035	
8	0.008101	-0.356242	2.661664	9	0.094004	-0.587129	2.682192	10	-0.113407	-0.470977	2.556911	11	-0.146877	-0.427317	2.543148	
8	0.008101	-0.356242	2.661664	9	0.094004	-0.587129	2.682192	10	-0.113407	-0.470977	2.556911	11	-0.146877	-0.427317	2.543148	
8	0.008101	-0.356242	2.661664	9	0.094004	-0.587129	2.682192	10	-0.113407	-0.470977	2.556911	11	-0.146877	-0.427317	2.543148	
8	0.008058	-0.356280	2.661732	9	0.094046	-0.587519	2.682095	10	-0.114666	-0.466394	2.564273	11	-0.134800	-0.418830	2.565968	
8	0.008058	-0.356280	2.661732	9	0.094046	-0.587519	2.682095	10	-0.114666	-0.466394	2.564273	11	-0.134800	-0.418830	2.565968	
8	0.008020	-0.356315	2.661801	9	0.094078	-0.587779	2.682017	10	-0.091979	-0.487608	2.541218	11	-0.140668	-0.450130	2.511789	
8	0.008020	-0.356315	2.661801	9	0.094078	-0.587779	2.682017	10	-0.091979	-0.487608	2.541218	11	-0.140668	-0.450130	2.511789	
8	0.007964	-0.356338	2.661892	9	0.094097	-0.588012	2.681946	10	-0.099410	-0.473297	2.552502	11	-0.117724	-0.426829	2.554250	
8	0.007964	-0.356338	2.661892	9	0.094097	-0.588012	2.681946	10	-0.099410	-0.473297	2.552502	11	-0.117724	-0.426829	2.554250	
8	0.007913	-0.356359	2.661987	9	0.094111	-0.588223	2.681884	10	-0.130696	-0.527202	2.558510	11	-0.187140	-0.502726	2.539608	
8	0.007913	-0.356359	2.661987	9	0.094111	-0.588223	2.681884	10	-0.130696	-0.527202	2.558510	11	-0.187140	-0.502726	2.539608	
8	0.007863	-0.356374	2.662095	9	0.094144	-0.588362	2.681838	10	-0.123990	-0.472323	2.586412	11	-0.139106	-0.437589	2.599288	
8	0.007863	-0.356374	2.662095	9	0.094144	-0.588362	2.681838	10	-0.123990	-0.472323	2.586412	11	-0.139106	-0.437589	2.599288	
8	0.007861	-0.356422	2.662180	9	0.094201	-0.588513	2.681821	10	-0.122014	-0.451763	2.599060	11	-0.112913	-0.403123	2.630936	
8	0.007861	-0.356422	2.662180	9	0.094201	-0.588513	2.681821	10	-0.122014	-0.451763	2.599060	11	-0.112913	-0.403123	2.630936	
8	0.007861	-0.356422	2.662180	9	0.094201	-0.588513	2.681821	10	-0.122014	-0.451763	2.599060	11	-0.112913	-0.403123	2.630936	
8	0.007869	-0.356472	2.662266	9	0.094256	-0.588671	2.681814	10	-0.120235	-0.439416	2.605503	11	-0.101039	-0.387454	2.644981	
8	0.007869	-0.356472	2.662266	9	0.094256	-0.588671	2.681814	10	-0.120235	-0.439416	2.605503	11	-0.101039	-0.387454	2.644981	
8	0.007900	-0.356432	2.662484	9	0.094367	-0.588933	2.681920	10	-0.119236	-0.433108	2.608932	11	-0.094516	-0.379175	2.652792	
8	0.007900	-0.356432	2.662484	9	0.094367	-0.588933	2.681920	10	-0.119236	-0.433108	2.608932	11	-0.094516	-0.379175	2.652792	
8	0.007927	-0.356397	2.662689	9	0.094491	-0.589205	2.682059	10	-0.118289	-0.429091	2.610805	11	-0.090118	-0.373690	2.657819	
8	0.007927	-0.356397	2.662689	9	0.094491	-0.589205	2.682059	10	-0.118289	-0.429091	2.610805	11	-0.090118	-0.373690	2.657819	
8	0.007951	-0.356348	2.662902	9	0.094627	-0.589486	2.682233	10	-0.117303	-0.427254	2.611226	11	-0.087211	-0.370437	2.660090	
8	0.007951	-0.356348	2.662902	9	0.094627	-0.589486	2.682233	10	-0.117303	-0.427254	2.611226	11	-0.087211	-0.370437	2.660090	
8	0.007979	-0.356296	2.663108	9	0.094800	-0.589735	2.682410	10	-0.116211	-0.427412	2.610217	11	-0.085715	-0.369394	2.659583	
8	0.007979	-0.356296	2.663108	9	0.094800	-0.589735	2.682410	10	-0.116211	-0.427412	2.610217	11	-0.085715	-0.369394	2.659583	
8	0.007997	-0.356278	2.663258	9	0.094960	-0.589924	2.682554	10	-0.115302	-0.428629	2.608554	11	-0.085420	-0.369919	2.657268	
8	0.007997	-0.356278	2.663258	9	0.094960	-0.589924	2.682554	10	-0.115302	-0.428629	2.608554	11	-0.085420	-0.369919	2.657268	
8	0.007997	-0.356278	2.663258	9	0.094960	-0.589924	2.682554	10	-0.115302	-0.428629	2.608554	11	-0.085420	-0.369919	2.657268	
8	0.008019	-0.356263	2.663397	9	0.095784	-0.585407	2.683543	10	-0.115719	-0.428830	2.606223	11	-0.087149	-0.370182	2.653151	
8	0.008040	-0.356253	2.663521	9	0.096088	-0.584625	2.683945	10	-0.115620	-0.430681	2.603821	11	-0.088523	-0.372045	2.649141	
8	0.008040	-0.356253	2.663521	9	0.096088	-0.584625	2.683945	10	-0.115620	-0.430681	2.603821	11	-0.088523	-0.372045	2.649141	
8	0.008030	-0.356293	2.663601	9	0.096252	-0.584215	2.684211	10	-0.116018	-0.433866	2.601164	11	-0.090442	-0.375039	2.644974	
8	0.008030	-0.356293	2.663601	9	0.096252	-0.584215	2.684211	10	-0.116018	-0.433866	2.601164	11	-0.090442	-0.375039	2.644974	
8	0.008025	-0.356304	2.663685	9	0.096315	-0.584199	2.684463	10	-0.116039	-0.435548	2.599669	11	-0.091670	-0.376972	2.642113	
8	0.008025	-0.356304	2.663685	9	0.096315	-0.584199	2.684463	10	-0.116039	-0.435548	2.599669	11	-0.091670	-0.376972	2.642113	
8	0.008022	-0.356316	2.663761	9	0.105889	-0.551094	2.690561	10	-0.116891	-0.435733	2.598039	11	-0.160388	-0.391374	2.590967	
8	0.008022	-0.356316	2.663761	9	0.105889	-0.551094	2.690561	10	-0.116891	-0.435733	2.598039	11	-0.160388	-0.391374	2.590967	
8	0.008030	-0.356314	2.663840	9	0.107562	-0.556729	2.689803	10	-0.116382	-0.437812	2.597000	11	-0.151022	-0.395035	2.594066	
8	0.008030	-0.356314	2.663840	9	0.107562	-0.556729	2.689803	10	-0.116382	-0.437812	2.597000	11	-0.151022	-0.395035	2.594066	
8	0.008030	-0.356314	2.663840	9	0.107562	-0.556729	2.689803	10	-0.116382	-0.437812	2.597000	11	-0.151022	-0.395035	2.594066	
8	0.008049	-0.356308	2.663933	9	0.107995	-0.563579	2.689226	10	-0.115963	-0.439596	2.596295	11	-0.137310	-0.396789	2.601542	
8	0.008049	-0.356308	2.663933	9	0.107995	-0.563579	2.689226	10	-0.115963	-0.439596	2.596295	11	-0.137310	-0.396789	2.601542	
8	0.008072	-0.356294	2.664028	9	0.107127	-0.570278	2.688494	10	-0.115709	-0.440708	2.595800	11	-0.125337	-0.396713	2.608823	
8	0.008072	-0.356294	2.664028	9	0.107127	-0.570278	2.688494	10	-0.115709	-0.440708	2.595800	11	-0.125337	-0.396713	2.608823	
8	0.008091	-0.356298	2.664101	9	0.105885	-0.572011	2.688198	10	-0.116191	-0.441151	2.595391	11	-0.119058	-0.395079	2.613831	
