8	-0.127646	-0.349081	2.612022	9	-0.353348	-0.453015	2.565680	10	-0.082082	-0.435098	2.500955	11	0.235481	-0.337205	2.478929	
8	-0.127646	-0.349081	2.612022	9	-0.353348	-0.453015	2.565680	10	-0.082082	-0.435098	2.500955	11	0.235481	-0.337205	2.478929	
8	-0.127719	-0.349262	2.611911	9	-0.353432	-0.453053	2.565624	10	-0.083213	-0.444447	2.497982	11	-0.018191	-0.372628	2.521241	
8	-0.127719	-0.349262	2.611911	9	-0.353432	-0.453053	2.565624	10	-0.083213	-0.444447	2.497982	11	-0.018191	-0.372628	2.521241	
8	-0.127719	-0.349262	2.611911	9	-0.353432	-0.453053	2.565624	10	-0.083213	-0.444447	2.497982	11	-0.018191	-0.372628	2.521241	
8	-0.127817	-0.349421	2.611803	9	-0.353501	-0.453087	2.565575	10	-0.083423	-0.438816	2.500826	11	0.173779	-0.324238	2.506355	
8	-0.127817	-0.349421	2.611803	9	-0.353501	-0.453087	2.565575	10	-0.083423	-0.438816	2.500826	11	0.173779	-0.324238	2.506355	
8	-0.127945	-0.349523	2.611729	9	-0.353600	-0.453132	2.565526	10	-0.083644	-0.436100	2.501929	11	0.185431	-0.315657	2.509692	
8	-0.127945	-0.349523	2.611729	9	-0.353600	-0.453132	2.565526	10	-0.083644	-0.436100	2.501929	11	0.185431	-0.315657	2.509692	
8	-0.128050	-0.349685	2.611624	9	-0.353800	-0.453073	2.565488	10	-0.083967	-0.434435	2.502228	11	-0.015754	-0.341003	2.542113	
8	-0.128050	-0.349685	2.611624	9	-0.353800	-0.453073	2.565488	10	-0.083967	-0.434435	2.502228	11	-0.015754	-0.341003	2.542113	
8	-0.128153	-0.349849	2.611533	9	-0.353898	-0.453038	2.565476	10	-0.084298	-0.442960	2.499137	11	0.142535	-0.379963	2.470747	
8	-0.128153	-0.349849	2.611533	9	-0.353898	-0.453038	2.565476	10	-0.084298	-0.442960	2.499137	11	0.142535	-0.379963	2.470747	
8	-0.128256	-0.349970	2.611465	9	-0.353971	-0.453007	2.565462	10	-0.084391	-0.448601	2.496895	11	0.143222	-0.392424	2.460592	
8	-0.128256	-0.349970	2.611465	9	-0.353971	-0.453007	2.565462	10	-0.084391	-0.448601	2.496895	11	0.143222	-0.392424	2.460592	
8	-0.128256	-0.349970	2.611465	9	-0.353971	-0.453007	2.565462	10	-0.084391	-0.448601	2.496895	11	0.143222	-0.392424	2.460592	
8	-0.128398	-0.349995	2.611444	9	-0.354020	-0.452934	2.565437	10	-0.083615	-0.437855	2.500177	11	0.203345	-0.347693	2.477730	
8	-0.128398	-0.349995	2.611444	9	-0.354020	-0.452934	2.565437	10	-0.083615	-0.437855	2.500177	11	0.203345	-0.347693	2.477730	
8	-0.128398	-0.349995	2.611444	9	-0.354020	-0.452934	2.565437	10	-0.083615	-0.437855	2.500177	11	0.203345	-0.347693	2.477730	
8	-0.128565	-0.349969	2.611447	9	-0.354067	-0.452860	2.565412	10	-0.083210	-0.433342	2.501395	11	0.222005	-0.343755	2.475703	
8	-0.128565	-0.349969	2.611447	9	-0.354067	-0.452860	2.565412	10	-0.083210	-0.433342	2.501395	11	0.222005	-0.343755	2.475703	
8	-0.128727	-0.349932	2.611454	9	-0.354113	-0.452807	2.565394	10	-0.083283	-0.439331	2.498461	11	0.224030	-0.354173	2.473873	
8	-0.128727	-0.349932	2.611454	9	-0.354113	-0.452807	2.565394	10	-0.083283	-0.439331	2.498461	11	0.224030	-0.354173	2.473873	
8	-0.128889	-0.349875	2.611480	9	-0.354158	-0.452761	2.565365	10	-0.083034	-0.434640	2.500141	11	0.229255	-0.328065	2.489906	
8	-0.128889	-0.349875	2.611480	9	-0.354158	-0.452761	2.565365	10	-0.083034	-0.434640	2.500141	11	0.229255	-0.328065	2.489906	
8	-0.129098	-0.349774	2.611550	9	-0.354193	-0.452716	2.565339	10	-0.082896	-0.432368	2.500582	11	0.231974	-0.322494	2.492802	
8	-0.129098	-0.349774	2.611550	9	-0.354193	-0.452716	2.565339	10	-0.082896	-0.432368	2.500582	11	0.231974	-0.322494	2.492802	
8	-0.129307	-0.349665	2.611625	9	-0.354220	-0.452678	2.565311	10	-0.082728	-0.429615	2.501421	11	0.229670	-0.317843	2.495318	
8	-0.129307	-0.349665	2.611625	9	-0.354220	-0.452678	2.565311	10	-0.082728	-0.429615	2.501421	11	0.229670	-0.317843	2.495318	
8	-0.129307	-0.349665	2.611625	9	-0.354220	-0.452678	2.565311	10	-0.082728	-0.429615	2.501421	11	0.229670	-0.317843	2.495318	
8	-0.129524	-0.349503	2.611721	9	-0.354250	-0.452623	2.565281	10	-0.082646	-0.428008	2.501752	11	0.005910	-0.345801	2.523933	
8	-0.129524	-0.349503	2.611721	9	-0.354250	-0.452623	2.565281	10	-0.082646	-0.428008	2.501752	11	0.005910	-0.345801	2.523933	
8	-0.129727	-0.349341	2.611815	9	-0.354294	-0.452581	2.565255	10	-0.082638	-0.427030	2.501919	11	-0.078575	-0.356107	2.535079	
8	-0.129727	-0.349341	2.611815	9	-0.354294	-0.452581	2.565255	10	-0.082638	-0.427030	2.501919	11	-0.078575	-0.356107	2.535079	
8	-0.129727	-0.349341	2.611815	9	-0.354294	-0.452581	2.565255	10	-0.082638	-0.427030	2.501919	11	-0.078575	-0.356107	2.535079	
8	-0.129959	-0.349122	2.611956	9	-0.354325	-0.452553	2.565220	10	-0.082622	-0.425184	2.502619	11	-0.122708	-0.360604	2.541724	
8	-0.130175	-0.349030	2.612062	9	-0.354373	-0.452517	2.565188	10	-0.082615	-0.424855	2.502795	11	-0.148222	-0.364740	2.545093	
8	-0.130175	-0.349030	2.612062	9	-0.354373	-0.452517	2.565188	10	-0.082615	-0.424855	2.502795	11	-0.148222	-0.364740	2.545093	
8	-0.130364	-0.348951	2.612154	9	-0.354390	-0.452495	2.565167	10	-0.082592	-0.424436	2.502939	11	0.158764	-0.329202	2.491302	
8	-0.130364	-0.348951	2.612154	9	-0.354390	-0.452495	2.565167	10	-0.082592	-0.424436	2.502939	11	0.158764	-0.329202	2.491302	
8	-0.130516	-0.348861	2.612238	9	-0.354404	-0.452478	2.565152	10	-0.082906	-0.440018	2.497922	11	0.148329	-0.370342	2.477367	
8	-0.130516	-0.348861	2.612238	9	-0.354404	-0.452478	2.565152	10	-0.082906	-0.440018	2.497922	11	0.148329	-0.370342	2.477367	
8	-0.130516	-0.348861	2.612238	9	-0.354404	-0.452478	2.565152	10	-0.082906	-0.440018	2.497922	11	0.148329	-0.370342	2.477367	
8	-0.130659	-0.348777	2.612315	9	-0.354428	-0.452466	2.565143	10	-0.082984	-0.435541	2.500894	11	0.234031	-0.340989	2.475859	
8	-0.130648	-0.348697	2.612417	9	-0.354455	-0.452453	2.565137	10	-0.083042	-0.434213	2.501691	11	0.248007	-0.324773	2.482248	
8	-0.130648	-0.348697	2.612417	9	-0.354455	-0.452453	2.565137	10	-0.083042	-0.434213	2.501691	11	0.248007	-0.324773	2.482248	
8	-0.129938	-0.348899	2.612611	9	-0.354481	-0.452445	2.565132	10	-0.083079	-0.433100	2.502296	11	0.249800	-0.317720	2.485841	
8	-0.129938	-0.348899	2.612611	9	-0.354481	-0.452445	2.565132	10	-0.083079	-0.433100	2.502296	11	0.249800	-0.317720	2.485841	
8	-0.129416	-0.349020	2.612731	9	-0.354544	-0.452447	2.565144	10	-0.084758	-0.451286	2.496183	11	-0.014446	-0.375450	2.506554	
8	-0.129416	-0.349020	2.612731	9	-0.354544	-0.452447	2.565144	10	-0.084758	-0.451286	2.496183	11	-0.014446	-0.375450	2.506554	
8	-0.127790	-0.349467	2.612903	9	-0.354588	-0.452445	2.565153	10	-0.084784	-0.440168	2.500670	11	-0.033993	-0.358404	2.522961	
8	-0.127790	-0.349467	2.612903	9	-0.354588	-0.452445	2.565153	10	-0.084784	-0.440168	2.500670	11	-0.033993	-0.358404	2.522961	
8	-0.126946	-0.349842	2.612988	9	-0.354749	-0.452376	2.565264	10	-0.085656	-0.446881	2.498272	11	0.134467	-0.390685	2.468699	
8	-0.126946	-0.349842	2.612988	9	-0.354749	-0.452376	2.565264	10	-0.085656	-0.446881	2.498272	11	0.134467	-0.390685	2.468699	
8	-0.126946	-0.349842	2.612988	9	-0.354749	-0.452376	2.565264	10	-0.085656	-0.446881	2.498272	11	0.134467	-0.390685	2.468699	
8	-0.126391	-0.350106	2.613057	9	-0.354856	-0.452323	2.565387	10	-0.087025	-0.412482	2.514626	11	0.165043	-0.290908	2.505778	
8	-0.126391	-0.350106	2.613057	9	-0.354856	-0.452323	2.565387	10	-0.087025	-0.412482	2.514626	11	0.165043	-0.290908	2.505778	
8	-0.134714	-0.337904	2.615504	9	-0.354938	-0.452267	2.565474	10	-0.086978	-0.409298	2.515437	11	-0.009950	-0.337406	2.538550	
8	-0.134714	-0.337904	2.615504	9	-0.354938	-0.452267	2.565474	10	-0.086978	-0.409298	2.515437	11	-0.009950	-0.337406	2.538550	
8	-0.136221	-0.335848	2.615924	9	-0.355030	-0.452170	2.565541	10	-0.087036	-0.406142	2.516740	11	0.186436	-0.309069	2.511769	
8	-0.136221	-0.335848	2.615924	9	-0.355030	-0.452170	2.565541	10	-0.087036	-0.406142	2.516740	11	0.186436	-0.309069	2.511769	
8	-0.137158	-0.334611	2.616198	9	-0.355086	-0.452103	2.565602	10	-0.086298	-0.408334	2.514440	11	0.015439	-0.345843	2.534903	
8	-0.137158	-0.334611	2.616198	9	-0.355086	-0.452103	2.565602	10	-0.086298	-0.408334	2.514440	11	0.015439	-0.345843	2.534903	
8	-0.137812	-0.334025	2.616331	9	-0.355126	-0.452045	2.565653	10	-0.085689	-0.409504	2.513083	11	0.176308	-0.326118	2.506002	
8	-0.137812	-0.334025	2.616331	9	-0.355126	-0.452045	2.565653	10	-0.085689	-0.409504	2.513083	11	0.176308	-0.326118	2.506002	
8	-0.137812	-0.334025	2.616331	9	-0.355126	-0.452045	2.565653	10	-0.085689	-0.409504	2.513083	11	0.176308	-0.326118	2.506002	
8	-0.137812	-0.334025	2.616331	9	-0.355126	-0.452045	2.565653	10	-0.085689	-0.409504	2.513083	11	0.176308	-0.326118	2.506002	
8	-0.138076	-0.334306	2.616289	9	-0.355150	-0.451980	2.565700	10	-0.084560	-0.437431	2.499714	11	0.173523	-0.370209	2.474208	
8	-0.137854	-0.335498	2.616046	9	-0.355142	-0.451921	2.565753	10	-0.083791	-0.448902	2.494349	11	0.196620	-0.392552	2.449356	
8	-0.137854	-0.335498	2.616046	9	-0.355142	-0.451921	2.565753	10	-0.083791	-0.448902	2.494349	11	0.196620	-0.392552	2.449356	
8	-0.137455	-0.336787	2.615801	9	-0.355119	-0.451860	2.565804	10	-0.083031	-0.448081	2.493603	11	0.213086	-0.378353	2.444678	
8	-0.137455	-0.336787	2.615801	9	-0.355119	-0.451860	2.565804	10	-0.083031	-0.448081	2.493603	11	0.213086	-0.378353	2.444678	
8	-0.137013	-0.338030	2.615561	9	-0.355109	-0.451851	2.565825	10	-0.082546	-0.445705	2.493726	11	0.221482	-0.365546	2.444073	
8	-0.137013	-0.338030	2.615561	9	-0.355109	-0.451851	2.565825	10	-0.082546	-0.445705	2.493726	11	0.221482	-0.365546	2.444073	
8	-0.136575	-0.339148	2.615341	9	-0.355099	-0.451846	2.565840	10	-0.082275	-0.443148	2.494067	11	0.224950	-0.356057	2.444798	
8	-0.136575	-0.339148	2.615341	9	-0.355099	-0.451846	2.565840	10	-0.082275	-0.443148	2.494067	11	0.224950	-0.356057	2.444798	
8	-0.136153	-0.340165	2.615144	9	-0.355087	-0.451847	2.565855	10	-0.082358	-0.447166	2.492707	11	0.204906	-0.380384	2.442795	
8	-0.136153	-0.340165	2.615144	9	-0.355087	-0.451847	2.565855	10	-0.082358	-0.447166	2.492707	11	0.204906	-0.380384	2.442795	
8	-0.136153	-0.340165	2.615144	9	-0.355087	-0.451847	2.565855	10	-0.082358	-0.447166	2.492707	11	0.204906	-0.380384	2.442795	
8	-0.135772	-0.341024	2.614972	9	-0.355090	-0.451852	2.565859	10	-0.082714	-0.450736	2.491648	11	0.198436	-0.388729	2.441945	
8	-0.135772	-0.341024	2.614972	9	-0.355090	-0.451852	2.565859	10	-0.082714	-0.450736	2.491648	11	0.198436	-0.388729	2.441945	
8	-0.135445	-0.341735	2.614829	9	-0.355090	-0.451852	2.565862	10	-0.083487	-0.427749	2.501900	11	-0.022373	-0.355871	2.523576	
8	-0.135152	-0.342348	2.614707	9	-0.355083	-0.451847	2.565866	10	-0.083404	-0.419505	2.505935	11	-0.069741	-0.355064	2.537800	
8	-0.135152	-0.342348	2.614707	9	-0.355083	-0.451847	2.565866	10	-0.083404	-0.419505	2.505935	11	-0.069741	-0.355064	2.537800	
8	-0.135152	-0.342348	2.614707	9	-0.355083	-0.451847	2.565866	10	-0.083404	-0.419505	2.505935	11	-0.069741	-0.355064	2.537800	
8	-0.134868	-0.342917	2.614581	9	-0.355075	-0.451841	2.565871	10	-0.083775	-0.432724	2.500237	11	-0.083063	-0.386095	2.513930	
8	-0.134624	-0.343420	2.614465	9	-0.355061	-0.451834	2.565888	10	-0.084022	-0.441830	2.496420	11	0.133239	-0.391436	2.460222	
8	-0.134624	-0.343420	2.614465	9	-0.355061	-0.451834	2.565888	10	-0.084022	-0.441830	2.496420	11	0.133239	-0.391436	2.460222	
8	-0.134624	-0.343420	2.614465	9	-0.355061	-0.451834	2.565888	10	-0.084022	-0.441830	2.496420	11	0.133239	-0.391436	2.460222	
8	-0.131715	-0.344786	2.614075	9	-0.355043	-0.451830	2.565919	10	-0.084185	-0.448590	2.493798	11	0.123307	-0.396123	2.460068	
8	-0.131715	-0.344786	2.614075	9	-0.355043	-0.451830	2.565919	10	-0.084185	-0.448590	2.493798	11	0.123307	-0.396123	2.460068	
8	-0.131715	-0.344786	2.614075	9	-0.355043	-0.451830	2.565919	10	-0.084185	-0.448590	2.493798	11	0.123307	-0.396123	2.460068	
8	-0.130011	-0.345626	2.613797	9	-0.355022	-0.451824	2.565955	10	-0.084290	-0.453504	2.492010	11	0.188751	-0.394683	2.444732	
8	-0.130011	-0.345626	2.613797	9	-0.355022	-0.451824	2.565955	10	-0.084290	-0.453504	2.492010	11	0.188751	-0.394683	2.444732	
8	-0.128762	-0.346198	2.613545	9	-0.355004	-0.451823	2.565996	10	-0.083690	-0.438887	2.498298	11	0.230413	-0.344741	2.471524	
8	-0.128762	-0.346198	2.613545	9	-0.355004	-0.451823	2.565996	10	-0.083690	-0.438887	2.498298	11	0.230413	-0.344741	2.471524	
8	-0.127895	-0.346537	2.613353	9	-0.354985	-0.451824	2.566050	10	-0.083550	-0.436715	2.498982	11	0.255074	-0.345269	2.465910	
8	-0.127372	-0.346751	2.613219	9	-0.354957	-0.451843	2.566133	10	-0.083259	-0.429593	2.502138	11	-0.018736	-0.354101	2.528969	
8	-0.127372	-0.346751	2.613219	9	-0.354957	-0.451843	2.566133	10	-0.083259	-0.429593	2.502138	11	-0.018736	-0.354101	2.528969	
8	-0.127372	-0.346751	2.613219	9	-0.354957	-0.451843	2.566133	10	-0.083259	-0.429593	2.502138	11	-0.018736	-0.354101	2.528969	
8	-0.126701	-0.346966	2.613074	9	-0.354970	-0.451834	2.566255	10	-0.083369	-0.423955	2.504635	11	-0.035467	-0.346482	2.538360	
8	-0.126701	-0.346966	2.613074	9	-0.354970	-0.451834	2.566255	10	-0.083369	-0.423955	2.504635	11	-0.035467	-0.346482	2.538360	
8	-0.126249	-0.347273	2.612977	9	-0.354977	-0.451962	2.566457	10	-0.083429	-0.422645	2.504961	11	0.149911	-0.345517	2.487435	
8	-0.126249	-0.347273	2.612977	9	-0.354977	-0.451962	2.566457	10	-0.083429	-0.422645	2.504961	11	0.149911	-0.345517	2.487435	
8	-0.125965	-0.347474	2.612896	9	-0.354961	-0.452053	2.566633	10	-0.083406	-0.421196	2.505618	11	0.155933	-0.333183	2.499391	
8	-0.125965	-0.347474	2.612896	9	-0.354961	-0.452053	2.566633	10	-0.083406	-0.421196	2.505618	11	0.155933	-0.333183	2.499391	
8	-0.125965	-0.347474	2.612896	9	-0.354961	-0.452053	2.566633	10	-0.083406	-0.421196	2.505618	11	0.155933	-0.333183	2.499391	
8	-0.125775	-0.347607	2.612846	9	-0.354945	-0.452101	2.566752	10	-0.083377	-0.420095	2.506114	11	0.180361	-0.328003	2.497569	
8	-0.125775	-0.347607	2.612846	9	-0.354945	-0.452101	2.566752	10	-0.083377	-0.420095	2.506114	11	0.180361	-0.328003	2.497569	
8	-0.125661	-0.347713	2.612811	9	-0.354932	-0.452128	2.566821	10	-0.083352	-0.419302	2.506457	11	0.206961	-0.324589	2.494207	
8	-0.125661	-0.347713	2.612811	9	-0.354932	-0.452128	2.566821	10	-0.083352	-0.419302	2.506457	11	0.206961	-0.324589	2.494207	
8	-0.125611	-0.347789	2.612792	9	-0.354915	-0.452146	2.566881	10	-0.083291	-0.419220	2.506283	11	0.218715	-0.323251	2.492445	
8	-0.125611	-0.347789	2.612792	9	-0.354915	-0.452146	2.566881	10	-0.083291	-0.419220	2.506283	11	0.218715	-0.323251	2.492445	
8	-0.125614	-0.347830	2.612788	9	-0.354898	-0.452154	2.566935	10	-0.083238	-0.419237	2.506101	11	0.225902	-0.322813	2.491028	
8	-0.125614	-0.347830	2.612788	9	-0.354898	-0.452154	2.566935	10	-0.083238	-0.419237	2.506101	11	0.225902	-0.322813	2.491028	
8	-0.125728	-0.347851	2.612804	9	-0.354887	-0.452150	2.566981	10	-0.083211	-0.419344	2.505898	11	0.227943	-0.323395	2.490026	
8	-0.125897	-0.347978	2.612797	9	-0.354896	-0.452134	2.567055	10	-0.084488	-0.446844	2.497535	11	-0.012740	-0.372357	2.512754	
8	-0.125897	-0.347978	2.612797	9	-0.354896	-0.452134	2.567055	10	-0.084488	-0.446844	2.497535	11	-0.012740	-0.372357	2.512754	
8	-0.125897	-0.347978	2.612797	9	-0.354896	-0.452134	2.567055	10	-0.084488	-0.446844	2.497535	11	-0.012740	-0.372357	2.512754	
8	-0.126082	-0.348104	2.612791	9	-0.354910	-0.452108	2.567119	10	-0.085049	-0.457883	2.494025	11	-0.051538	-0.380226	2.516411	
8	-0.126082	-0.348104	2.612791	9	-0.354910	-0.452108	2.567119	10	-0.085049	-0.457883	2.494025	11	-0.051538	-0.380226	2.516411	
8	-0.126344	-0.348283	2.612776	9	-0.354955	-0.452076	2.567222	10	-0.085466	-0.463890	2.492181	11	-0.092144	-0.387691	2.520919	
8	-0.126344	-0.348283	2.612776	9	-0.354955	-0.452076	2.567222	10	-0.085466	-0.463890	2.492181	11	-0.092144	-0.387691	2.520919	
8	-0.126625	-0.348457	2.612762	9	-0.355211	-0.452311	2.567462	10	-0.086376	-0.444772	2.501908	11	-0.099601	-0.375517	2.539859	
8	-0.126625	-0.348457	2.612762	9	-0.355211	-0.452311	2.567462	10	-0.086376	-0.444772	2.501908	11	-0.099601	-0.375517	2.539859	
8	-0.126523	-0.348738	2.612864	9	-0.355555	-0.452597	2.567681	10	-0.087086	-0.434288	2.507055	11	-0.102935	-0.369760	2.544170	
8	-0.126523	-0.348738	2.612864	9	-0.355555	-0.452597	2.567681	10	-0.087086	-0.434288	2.507055	11	-0.102935	-0.369760	2.544170	
8	-0.126509	-0.348955	2.612952	9	-0.355667	-0.452764	2.567790	10	-0.086810	-0.428088	2.509616	11	0.163263	-0.329307	2.502981	
8	-0.126509	-0.348955	2.612952	9	-0.355667	-0.452764	2.567790	10	-0.086810	-0.428088	2.509616	11	0.163263	-0.329307	2.502981	
8	-0.126572	-0.349108	2.613045	9	-0.355739	-0.452899	2.567877	10	-0.086510	-0.424112	2.511197	11	0.188106	-0.321624	2.503753	
8	-0.126572	-0.349108	2.613045	9	-0.355739	-0.452899	2.567877	10	-0.086510	-0.424112	2.511197	11	0.188106	-0.321624	2.503753	
8	-0.126572	-0.349108	2.613045	9	-0.355739	-0.452899	2.567877	10	-0.086510	-0.424112	2.511197	11	0.188106	-0.321624	2.503753	
8	-0.126656	-0.349240	2.613123	9	-0.355728	-0.453065	2.567935	10	-0.085065	-0.441039	2.503192	11	0.234160	-0.356234	2.481860	
8	-0.126656	-0.349240	2.613123	9	-0.355728	-0.453065	2.567935	10	-0.085065	-0.441039	2.503192	11	0.234160	-0.356234	2.481860	
8	-0.126739	-0.349361	2.613188	9	-0.355693	-0.453224	2.567962	10	-0.084230	-0.449925	2.498819	11	0.213512	-0.392511	2.463797	
8	-0.126739	-0.349361	2.613188	9	-0.355693	-0.453224	2.567962	10	-0.084230	-0.449925	2.498819	11	0.213512	-0.392511	2.463797	
8	-0.126830	-0.349429	2.613244	9	-0.355642	-0.453422	2.567974	10	-0.083500	-0.449717	2.498591	11	-0.027617	-0.355931	2.535377	
8	-0.126830	-0.349429	2.613244	9	-0.355642	-0.453422	2.567974	10	-0.083500	-0.449717	2.498591	11	-0.027617	-0.355931	2.535377	
8	-0.126849	-0.349475	2.613293	9	-0.355620	-0.453490	2.567994	10	-0.082876	-0.447467	2.498932	11	-0.032302	-0.361217	2.535506	
8	-0.126849	-0.349475	2.613293	9	-0.355620	-0.453490	2.567994	10	-0.082876	-0.447467	2.498932	11	-0.032302	-0.361217	2.535506	
8	-0.126865	-0.349514	2.613331	9	-0.355615	-0.453539	2.568012	10	-0.082945	-0.451078	2.497407	11	0.141575	-0.387944	2.466258	
8	-0.126865	-0.349514	2.613331	9	-0.355615	-0.453539	2.568012	10	-0.082945	-0.451078	2.497407	11	0.141575	-0.387944	2.466258	
8	-0.126865	-0.349514	2.613331	9	-0.355615	-0.453539	2.568012	10	-0.082945	-0.451078	2.497407	11	0.141575	-0.387944	2.466258	
8	-0.126881	-0.349546	2.613365	9	-0.355608	-0.453575	2.568025	10	-0.082992	-0.453691	2.496312	11	-0.016059	-0.382903	2.511819	
8	-0.126881	-0.349546	2.613365	9	-0.355608	-0.453575	2.568025	10	-0.082992	-0.453691	2.496312	11	-0.016059	-0.382903	2.511819	
8	-0.126261	-0.349880	2.613710	9	-0.355585	-0.453586	2.568034	10	-0.082977	-0.455374	2.495568	11	0.140433	-0.392983	2.466763	
8	-0.126261	-0.349880	2.613710	9	-0.355585	-0.453586	2.568034	10	-0.082977	-0.455374	2.495568	11	0.140433	-0.392983	2.466763	
8	-0.125945	-0.350071	2.613961	9	-0.355566	-0.453592	2.568042	10	-0.082996	-0.440262	2.500016	11	0.178476	-0.353492	2.483332	
8	-0.125945	-0.350071	2.613961	9	-0.355566	-0.453592	2.568042	10	-0.082996	-0.440262	2.500016	11	0.178476	-0.353492	2.483332	
8	-0.125799	-0.350145	2.614134	9	-0.355541	-0.453560	2.568041	10	-0.082965	-0.433238	2.501985	11	0.213827	-0.342604	2.482929	
8	-0.125799	-0.350145	2.614134	9	-0.355541	-0.453560	2.568041	10	-0.082965	-0.433238	2.501985	11	0.213827	-0.342604	2.482929	
8	-0.125766	-0.350078	2.614303	9	-0.355501	-0.453501	2.568037	10	-0.082870	-0.428887	2.503266	11	0.232336	-0.336621	2.482939	
8	-0.125766	-0.350078	2.614303	9	-0.355501	-0.453501	2.568037	10	-0.082870	-0.428887	2.503266	11	0.232336	-0.336621	2.482939	
8	-0.125675	-0.350015	2.614448	9	-0.355446	-0.453414	2.568042	10	-0.082702	-0.423810	2.505421	11	0.244891	-0.330023	2.485099	
8	-0.125675	-0.350015	2.614448	9	-0.355446	-0.453414	2.568042	10	-0.082702	-0.423810	2.505421	11	0.244891	-0.330023	2.485099	
8	-0.125617	-0.350022	2.614524	9	-0.355393	-0.453366	2.568062	10	-0.083403	-0.443480	2.499034	11	0.210241	-0.380252	2.478368	
8	-0.125617	-0.350022	2.614524	9	-0.355393	-0.453366	2.568062	10	-0.083403	-0.443480	2.499034	11	0.210241	-0.380252	2.478368	
8	-0.125578	-0.350017	2.614577	9	-0.355341	-0.453308	2.568069	10	-0.083159	-0.439903	2.500589	11	0.207827	-0.350743	2.485306	
8	-0.125578	-0.350017	2.614577	9	-0.355341	-0.453308	2.568069	10	-0.083159	-0.439903	2.500589	11	0.207827	-0.350743	2.485306	
8	-0.125578	-0.350017	2.614577	9	-0.355341	-0.453308	2.568069	10	-0.083159	-0.439903	2.500589	11	0.207827	-0.350743	2.485306	
8	-0.125635	-0.349916	2.614622	9	-0.355279	-0.453244	2.568075	10	-0.082877	-0.436874	2.501782	11	0.207466	-0.343055	2.486877	
8	-0.125635	-0.349916	2.614622	9	-0.355279	-0.453244	2.568075	10	-0.082877	-0.436874	2.501782	11	0.207466	-0.343055	2.486877	
8	-0.125743	-0.349801	2.614655	9	-0.355267	-0.453227	2.568102	10	-0.082920	-0.435969	2.502367	11	0.207158	-0.340067	2.487498	
8	-0.125743	-0.349801	2.614655	9	-0.355267	-0.453227	2.568102	10	-0.082920	-0.435969	2.502367	11	0.207158	-0.340067	2.487498	
8	-0.125876	-0.349652	2.614677	9	-0.355262	-0.453212	2.568128	10	-0.082979	-0.435147	2.502818	11	0.206660	-0.335785	2.488554	
8	-0.125876	-0.349652	2.614677	9	-0.355262	-0.453212	2.568128	10	-0.082979	-0.435147	2.502818	11	0.206660	-0.335785	2.488554	
8	-0.126045	-0.349514	2.614691	9	-0.355322	-0.453194	2.568199	10	-0.083338	-0.433285	2.503788	11	0.206448	-0.331995	2.489722	
8	-0.126045	-0.349514	2.614691	9	-0.355322	-0.453194	2.568199	10	-0.083338	-0.433285	2.503788	11	0.206448	-0.331995	2.489722	
8	-0.126236	-0.349375	2.614700	9	-0.355348	-0.453160	2.568236	10	-0.083526	-0.431574	2.504573	11	0.207003	-0.328233	2.491618	
8	-0.126236	-0.349375	2.614700	9	-0.355348	-0.453160	2.568236	10	-0.083526	-0.431574	2.504573	11	0.207003	-0.328233	2.491618	
8	-0.126236	-0.349375	2.614700	9	-0.355348	-0.453160	2.568236	10	-0.083526	-0.431574	2.504573	11	0.207003	-0.328233	2.491618	
8	-0.126546	-0.349178	2.614706	9	-0.355375	-0.453124	2.568271	10	-0.083737	-0.428891	2.505816	11	0.207673	-0.325350	2.493321	
8	-0.126546	-0.349178	2.614706	9	-0.355375	-0.453124	2.568271	10	-0.083737	-0.428891	2.505816	11	0.207673	-0.325350	2.493321	
8	-0.126896	-0.348952	2.614736	9	-0.355402	-0.453083	2.568299	10	-0.084413	-0.437671	2.502462	11	0.198573	-0.360713	2.484930	
8	-0.126896	-0.348952	2.614736	9	-0.355402	-0.453083	2.568299	10	-0.084413	-0.437671	2.502462	11	0.198573	-0.360713	2.484930	
8	-0.127284	-0.348702	2.614775	9	-0.355421	-0.453057	2.568316	10	-0.084720	-0.428927	2.506298	11	-0.022294	-0.357656	2.537825	
8	-0.127284	-0.348702	2.614775	9	-0.355421	-0.453057	2.568316	10	-0.084720	-0.428927	2.506298	11	-0.022294	-0.357656	2.537825	
8	-0.127641	-0.348428	2.614807	9	-0.355427	-0.453029	2.568324	10	-0.084802	-0.427888	2.506500	11	-0.071203	-0.373285	2.540752	
8	-0.127641	-0.348428	2.614807	9	-0.355427	-0.453029	2.568324	10	-0.084802	-0.427888	2.506500	11	-0.071203	-0.373285	2.540752	
8	-0.127945	-0.348204	2.614834	9	-0.355397	-0.452958	2.568316	10	-0.084468	-0.438605	2.501450	11	-0.110491	-0.385331	2.544729	
8	-0.127945	-0.348204	2.614834	9	-0.355397	-0.452958	2.568316	10	-0.084468	-0.438605	2.501450	11	-0.110491	-0.385331	2.544729	
8	-0.128219	-0.347997	2.614861	9	-0.355365	-0.452882	2.568312	10	-0.084357	-0.439614	2.500810	11	-0.132586	-0.388612	2.548285	
8	-0.128219	-0.347997	2.614861	9	-0.355365	-0.452882	2.568312	10	-0.084357	-0.439614	2.500810	11	-0.132586	-0.388612	2.548285	
8	-0.128219	-0.347997	2.614861	9	-0.355365	-0.452882	2.568312	10	-0.084357	-0.439614	2.500810	11	-0.132586	-0.388612	2.548285	
8	-0.128368	-0.347932	2.614837	9	-0.355354	-0.452845	2.568316	10	-0.083902	-0.430845	2.505131	11	-0.101303	-0.364342	2.549740	
8	-0.128368	-0.347932	2.614837	9	-0.355354	-0.452845	2.568316	10	-0.083902	-0.430845	2.505131	11	-0.101303	-0.364342	2.549740	
8	-0.128507	-0.347895	2.614796	9	-0.355342	-0.452808	2.568318	10	-0.083568	-0.425190	2.507872	11	-0.100608	-0.358312	2.551404	
8	-0.128507	-0.347895	2.614796	9	-0.355342	-0.452808	2.568318	10	-0.083568	-0.425190	2.507872	11	-0.100608	-0.358312	2.551404	
8	-0.128631	-0.347877	2.614748	9	-0.355324	-0.452779	2.568324	10	-0.083258	-0.421718	2.509656	11	-0.088375	-0.352624	2.550432	
8	-0.128631	-0.347877	2.614748	9	-0.355324	-0.452779	2.568324	10	-0.083258	-0.421718	2.509656	11	-0.088375	-0.352624	2.550432	
8	-0.128678	-0.347880	2.614702	9	-0.355308	-0.452743	2.568344	10	-0.083142	-0.420454	2.510159	11	0.123480	-0.335283	2.505559	
8	-0.128746	-0.347865	2.614670	9	-0.355168	-0.452634	2.568243	10	-0.082907	-0.419292	2.510505	11	-0.024032	-0.351966	2.530407	
8	-0.128746	-0.347865	2.614670	9	-0.355168	-0.452634	2.568243	10	-0.082907	-0.419292	2.510505	11	-0.024032	-0.351966	2.530407	
8	-0.128808	-0.347847	2.614642	9	-0.355017	-0.452523	2.568130	10	-0.082580	-0.418945	2.510179	11	0.167460	-0.330883	2.495310	
8	-0.128808	-0.347847	2.614642	9	-0.355017	-0.452523	2.568130	10	-0.082580	-0.418945	2.510179	11	0.167460	-0.330883	2.495310	
8	-0.128808	-0.347847	2.614642	9	-0.355017	-0.452523	2.568130	10	-0.082580	-0.418945	2.510179	11	0.167460	-0.330883	2.495310	
8	-0.128874	-0.347748	2.614606	9	-0.354899	-0.452453	2.568079	10	-0.082241	-0.419419	2.509434	11	0.222567	-0.325596	2.485171	
8	-0.128874	-0.347748	2.614606	9	-0.354899	-0.452453	2.568079	10	-0.082241	-0.419419	2.509434	11	0.222567	-0.325596	2.485171	
8	-0.128874	-0.347748	2.614606	9	-0.354899	-0.452453	2.568079	10	-0.082241	-0.419419	2.509434	11	0.222567	-0.325596	2.485171	
8	-0.128966	-0.347591	2.614563	9	-0.354849	-0.452389	2.568070	10	-0.082181	-0.420135	2.508665	11	-0.011263	-0.345916	2.538451	
8	-0.128966	-0.347591	2.614563	9	-0.354849	-0.452389	2.568070	10	-0.082181	-0.420135	2.508665	11	-0.011263	-0.345916	2.538451	
8	-0.129061	-0.347406	2.614517	9	-0.354795	-0.452274	2.568075	10	-0.082105	-0.420122	2.508510	11	0.178925	-0.322917	2.508124	
8	-0.129061	-0.347406	2.614517	9	-0.354795	-0.452274	2.568075	10	-0.082105	-0.420122	2.508510	11	0.178925	-0.322917	2.508124	
8	-0.135515	-0.337676	2.614473	9	-0.354741	-0.452142	2.568089	10	-0.082040	-0.420202	2.508357	11	0.195595	-0.328657	2.505564	
8	-0.136972	-0.335327	2.614357	9	-0.354693	-0.452024	2.568107	10	-0.081991	-0.420433	2.508149	11	0.211128	-0.331129	2.502669	
8	-0.136972	-0.335327	2.614357	9	-0.354693	-0.452024	2.568107	10	-0.081991	-0.420433	2.508149	11	0.211128	-0.331129	2.502669	
8	-0.137901	-0.333861	2.614275	9	-0.354675	-0.451928	2.568132	10	-0.081969	-0.420499	2.508091	11	0.220442	-0.331964	2.501507	
8	-0.137901	-0.333861	2.614275	9	-0.354675	-0.451928	2.568132	10	-0.081969	-0.420499	2.508091	11	0.220442	-0.331964	2.501507	
8	-0.139234	-0.331047	2.614472	9	-0.354626	-0.451801	2.568144	10	-0.081869	-0.420094	2.508590	11	0.227446	-0.331703	2.501405	
8	-0.139234	-0.331047	2.614472	9	-0.354626	-0.451801	2.568144	10	-0.081869	-0.420094	2.508590	11	0.227446	-0.331703	2.501405	
8	-0.139234	-0.331047	2.614472	9	-0.354626	-0.451801	2.568144	10	-0.081869	-0.420094	2.508590	11	0.227446	-0.331703	2.501405	
8	-0.132510	-0.334416	2.614620	9	-0.354573	-0.451644	2.568160	10	-0.081769	-0.419632	2.509145	11	0.232256	-0.331485	2.501388	
8	-0.132510	-0.334416	2.614620	9	-0.354573	-0.451644	2.568160	10	-0.081769	-0.419632	2.509145	11	0.232256	-0.331485	2.501388	
8	-0.127010	-0.337579	2.614724	9	-0.354522	-0.451513	2.568184	10	-0.081680	-0.419232	2.509662	11	0.233459	-0.330713	2.501578	
8	-0.127010	-0.337579	2.614724	9	-0.354522	-0.451513	2.568184	10	-0.081680	-0.419232	2.509662	11	0.233459	-0.330713	2.501578	
8	-0.124994	-0.338753	2.614671	9	-0.354476	-0.451393	2.568193	10	-0.081605	-0.418929	2.510062	11	0.231502	-0.329233	2.501738	
8	-0.124994	-0.338753	2.614671	9	-0.354476	-0.451393	2.568193	10	-0.081605	-0.418929	2.510062	11	0.231502	-0.329233	2.501738	
8	-0.124994	-0.338753	2.614671	9	-0.354476	-0.451393	2.568193	10	-0.081605	-0.418929	2.510062	11	0.231502	-0.329233	2.501738	
8	-0.123726	-0.339522	2.614594	9	-0.354430	-0.451257	2.568216	10	-0.081552	-0.419145	2.510070	11	0.226780	-0.329551	2.500175	
8	-0.122858	-0.340076	2.614526	9	-0.354401	-0.451140	2.568235	10	-0.081527	-0.419203	2.510138	11	0.223201	-0.329065	2.499158	
8	-0.122858	-0.340076	2.614526	9	-0.354401	-0.451140	2.568235	10	-0.081527	-0.419203	2.510138	11	0.223201	-0.329065	2.499158	
8	-0.122858	-0.340076	2.614526	9	-0.354401	-0.451140	2.568235	10	-0.081527	-0.419203	2.510138	11	0.223201	-0.329065	2.499158	
8	-0.122267	-0.340477	2.614470	9	-0.354540	-0.451013	2.568340	10	-0.081770	-0.419487	2.510145	11	0.220132	-0.328848	2.497955	
8	-0.122267	-0.340477	2.614470	9	-0.354540	-0.451013	2.568340	10	-0.081770	-0.419487	2.510145	11	0.220132	-0.328848	2.497955	
8	-0.122267	-0.340477	2.614470	9	-0.354540	-0.451013	2.568340	10	-0.081770	-0.419487	2.510145	11	0.220132	-0.328848	2.497955	
8	-0.121993	-0.340847	2.614444	9	-0.354639	-0.450923	2.568393	10	-0.082079	-0.420241	2.509955	11	0.218405	-0.329673	2.497769	
8	-0.121993	-0.340847	2.614444	9	-0.354639	-0.450923	2.568393	10	-0.082079	-0.420241	2.509955	11	0.218405	-0.329673	2.497769	
8	-0.121993	-0.340847	2.614444	9	-0.354639	-0.450923	2.568393	10	-0.082079	-0.420241	2.509955	11	0.218405	-0.329673	2.497769	
8	-0.122070	-0.342050	2.614312	9	-0.354772	-0.450908	2.568480	10	-0.082544	-0.421424	2.509525	11	0.216180	-0.330273	2.498014	
8	-0.122070	-0.342050	2.614312	9	-0.354772	-0.450908	2.568480	10	-0.082544	-0.421424	2.509525	11	0.216180	-0.330273	2.498014	
8	-0.122377	-0.343228	2.614203	9	-0.354861	-0.450901	2.568577	10	-0.082890	-0.422727	2.509044	11	-0.011776	-0.350337	2.544067	
8	-0.122377	-0.343228	2.614203	9	-0.354861	-0.450901	2.568577	10	-0.082890	-0.422727	2.509044	11	-0.011776	-0.350337	2.544067	
8	-0.122852	-0.344072	2.614178	9	-0.354884	-0.450903	2.568612	10	-0.082936	-0.423943	2.508485	11	-0.059913	-0.354965	2.553363	
8	-0.122852	-0.344072	2.614178	9	-0.354884	-0.450903	2.568612	10	-0.082936	-0.423943	2.508485	11	-0.059913	-0.354965	2.553363	
8	-0.123513	-0.344518	2.614149	9	-0.354889	-0.450926	2.568626	10	-0.082940	-0.424224	2.508527	11	-0.110800	-0.362857	2.556474	
8	-0.123513	-0.344518	2.614149	9	-0.354889	-0.450926	2.568626	10	-0.082940	-0.424224	2.508527	11	-0.110800	-0.362857	2.556474	
8	-0.124228	-0.344812	2.614149	9	-0.354874	-0.450988	2.568635	10	-0.082878	-0.424289	2.508767	11	-0.153352	-0.366719	2.564557	
8	-0.124228	-0.344812	2.614149	9	-0.354874	-0.450988	2.568635	10	-0.082878	-0.424289	2.508767	11	-0.153352	-0.366719	2.564557	
8	-0.124228	-0.344812	2.614149	9	-0.354874	-0.450988	2.568635	10	-0.082878	-0.424289	2.508767	11	-0.153352	-0.366719	2.564557	
8	-0.124965	-0.344969	2.614156	9	-0.354698	-0.451032	2.568622	10	-0.082646	-0.424330	2.508839	11	0.176048	-0.328115	2.511000	
8	-0.124965	-0.344969	2.614156	9	-0.354698	-0.451032	2.568622	10	-0.082646	-0.424330	2.508839	11	0.176048	-0.328115	2.511000	
8	-0.125654	-0.345053	2.614163	9	-0.354533	-0.451079	2.568611	10	-0.082414	-0.424282	2.508929	11	0.177291	-0.326557	2.510887	
8	-0.125654	-0.345053	2.614163	9	-0.354533	-0.451079	2.568611	10	-0.082414	-0.424282	2.508929	11	0.177291	-0.326557	2.510887	
8	-0.126309	-0.345094	2.614180	9	-0.354365	-0.451127	2.568597	10	-0.081482	-0.444706	2.501458	11	-0.011602	-0.372902	2.525544	
8	-0.126309	-0.345094	2.614180	9	-0.354365	-0.451127	2.568597	10	-0.081482	-0.444706	2.501458	11	-0.011602	-0.372902	2.525544	
8	-0.126919	-0.345148	2.614179	9	-0.354193	-0.451186	2.568582	10	-0.080996	-0.453353	2.498190	11	-0.010949	-0.374472	2.524300	
8	-0.127408	-0.345175	2.614172	9	-0.354147	-0.451246	2.568614	10	-0.081213	-0.458171	2.496483	11	-0.051982	-0.377507	2.517291	
8	-0.127408	-0.345175	2.614172	9	-0.354147	-0.451246	2.568614	10	-0.081213	-0.458171	2.496483	11	-0.051982	-0.377507	2.517291	
8	-0.127408	-0.345175	2.614172	9	-0.354147	-0.451246	2.568614	10	-0.081213	-0.458171	2.496483	11	-0.051982	-0.377507	2.517291	
8	-0.127828	-0.345184	2.614169	9	-0.354114	-0.451309	2.568655	10	-0.081835	-0.441915	2.503223	11	-0.086954	-0.370755	2.531572	
8	-0.127828	-0.345184	2.614169	9	-0.354114	-0.451309	2.568655	10	-0.081835	-0.441915	2.503223	11	-0.086954	-0.370755	2.531572	
8	-0.128157	-0.345266	2.614143	9	-0.354062	-0.451356	2.568718	10	-0.082226	-0.445134	2.501669	11	-0.096424	-0.371981	2.530321	
8	-0.128157	-0.345266	2.614143	9	-0.354062	-0.451356	2.568718	10	-0.082226	-0.445134	2.501669	11	-0.096424	-0.371981	2.530321	
8	-0.128427	-0.345336	2.614122	9	-0.354015	-0.451393	2.568778	10	-0.082474	-0.448010	2.500367	11	-0.097330	-0.372536	2.527273	
8	-0.128427	-0.345336	2.614122	9	-0.354015	-0.451393	2.568778	10	-0.082474	-0.448010	2.500367	11	-0.097330	-0.372536	2.527273	
8	-0.128427	-0.345336	2.614122	9	-0.354015	-0.451393	2.568778	10	-0.082474	-0.448010	2.500367	11	-0.097330	-0.372536	2.527273	
8	-0.128691	-0.345355	2.614114	9	-0.353982	-0.451429	2.568834	10	-0.082423	-0.435120	2.505252	11	0.174868	-0.319698	2.500997	
8	-0.128691	-0.345355	2.614114	9	-0.353982	-0.451429	2.568834	10	-0.082423	-0.435120	2.505252	11	0.174868	-0.319698	2.500997	
8	-0.128808	-0.345401	2.614116	9	-0.353956	-0.451455	2.568882	10	-0.082366	-0.428196	2.507781	11	0.208851	-0.312160	2.496754	
8	-0.128808	-0.345401	2.614116	9	-0.353956	-0.451455	2.568882	10	-0.082366	-0.428196	2.507781	11	0.208851	-0.312160	2.496754	
8	-0.128909	-0.345422	2.614135	9	-0.353931	-0.451460	2.568927	10	-0.082268	-0.423687	2.509419	11	0.252345	-0.306262	2.494576	
8	-0.128909	-0.345422	2.614135	9	-0.353931	-0.451460	2.568927	10	-0.082268	-0.423687	2.509419	11	0.252345	-0.306262	2.494576	
8	-0.129041	-0.345427	2.614163	9	-0.353883	-0.451466	2.568987	10	-0.082078	-0.422173	2.510255	11	-0.006965	-0.342297	2.536969	
8	-0.129041	-0.345427	2.614163	9	-0.353883	-0.451466	2.568987	10	-0.082078	-0.422173	2.510255	11	-0.006965	-0.342297	2.536969	
8	-0.129041	-0.345427	2.614163	9	-0.353883	-0.451466	2.568987	10	-0.082078	-0.422173	2.510255	11	-0.006965	-0.342297	2.536969	
8	-0.129174	-0.345455	2.614193	9	-0.353807	-0.451497	2.568972	10	-0.081709	-0.421729	2.510576	11	-0.007491	-0.341464	2.537960	
8	-0.129174	-0.345455	2.614193	9	-0.353807	-0.451497	2.568972	10	-0.081709	-0.421729	2.510576	11	-0.007491	-0.341464	2.537960	
8	-0.129314	-0.345484	2.614233	9	-0.353800	-0.451540	2.568974	10	-0.081648	-0.421048	2.510894	11	-0.064436	-0.346448	2.549854	
8	-0.129463	-0.345530	2.614273	9	-0.353939	-0.451598	2.569034	10	-0.081791	-0.420662	2.511163	11	-0.093472	-0.349309	2.555306	
8	-0.129463	-0.345530	2.614273	9	-0.353939	-0.451598	2.569034	10	-0.081791	-0.420662	2.511163	11	-0.093472	-0.349309	2.555306	
8	-0.129410	-0.345850	2.614410	9	-0.354102	-0.451654	2.569096	10	-0.083841	-0.438938	2.505416	11	0.137738	-0.390190	2.467279	
8	-0.129410	-0.345850	2.614410	9	-0.354102	-0.451654	2.569096	10	-0.083841	-0.438938	2.505416	11	0.137738	-0.390190	2.467279	
8	-0.129323	-0.346338	2.614538	9	-0.354281	-0.451731	2.569201	10	-0.085281	-0.451118	2.501224	11	0.135818	-0.403837	2.457980	
8	-0.129323	-0.346338	2.614538	9	-0.354281	-0.451731	2.569201	10	-0.085281	-0.451118	2.501224	11	0.135818	-0.403837	2.457980	
8	-0.129323	-0.346338	2.614538	9	-0.354281	-0.451731	2.569201	10	-0.085281	-0.451118	2.501224	11	0.135818	-0.403837	2.457980	
8	-0.129255	-0.346818	2.614679	9	-0.354452	-0.451803	2.569305	10	-0.085907	-0.443966	2.503837	11	0.213317	-0.351445	2.477089	
8	-0.129255	-0.346818	2.614679	9	-0.354452	-0.451803	2.569305	10	-0.085907	-0.443966	2.503837	11	0.213317	-0.351445	2.477089	
8	-0.129265	-0.347138	2.614827	9	-0.354701	-0.451889	2.569455	10	-0.086382	-0.441271	2.504704	11	0.243863	-0.330434	2.485234	
8	-0.129265	-0.347138	2.614827	9	-0.354701	-0.451889	2.569455	10	-0.086382	-0.441271	2.504704	11	0.243863	-0.330434	2.485234	
8	-0.129265	-0.347138	2.614827	9	-0.354701	-0.451889	2.569455	10	-0.086382	-0.441271	2.504704	11	0.243863	-0.330434	2.485234	
8	-0.129271	-0.347387	2.614949	9	-0.354983	-0.451984	2.569624	10	-0.086762	-0.437860	2.505897	11	0.248121	-0.319311	2.492616	
8	-0.129283	-0.347600	2.615059	9	-0.355183	-0.452121	2.569790	10	-0.086781	-0.433784	2.507474	11	0.248077	-0.312373	2.497689	
8	-0.129283	-0.347600	2.615059	9	-0.355183	-0.452121	2.569790	10	-0.086781	-0.433784	2.507474	11	0.248077	-0.312373	2.497689	
8	-0.129300	-0.347763	2.615156	9	-0.355314	-0.452276	2.569916	10	-0.086551	-0.430553	2.508757	11	0.246763	-0.306567	2.502616	
8	-0.129300	-0.347763	2.615156	9	-0.355314	-0.452276	2.569916	10	-0.086551	-0.430553	2.508757	11	0.246763	-0.306567	2.502616	
8	-0.129300	-0.347763	2.615156	9	-0.355314	-0.452276	2.569916	10	-0.086551	-0.430553	2.508757	11	0.246763	-0.306567	2.502616	
8	-0.129335	-0.347866	2.615228	9	-0.355396	-0.452386	2.570006	10	-0.086413	-0.429169	2.509200	11	0.238418	-0.308178	2.503983	
8	-0.129335	-0.347866	2.615228	9	-0.355396	-0.452386	2.570006	10	-0.086413	-0.429169	2.509200	11	0.238418	-0.308178	2.503983	
8	-0.129372	-0.347949	2.615289	9	-0.355450	-0.452484	2.570076	10	-0.086298	-0.428352	2.509378	11	0.228576	-0.313587	2.502791	
8	-0.129372	-0.347949	2.615289	9	-0.355450	-0.452484	2.570076	10	-0.086298	-0.428352	2.509378	11	0.228576	-0.313587	2.502791	
8	-0.135434	-0.339453	2.615828	9	-0.355498	-0.452580	2.570137	10	-0.086184	-0.427777	2.509457	11	0.220817	-0.318281	2.501463	
8	-0.135434	-0.339453	2.615828	9	-0.355498	-0.452580	2.570137	10	-0.086184	-0.427777	2.509457	11	0.220817	-0.318281	2.501463	
8	-0.137136	-0.336912	2.616004	9	-0.355530	-0.452613	2.570178	10	-0.086047	-0.427353	2.509490	11	0.214964	-0.322246	2.500475	
8	-0.137136	-0.336912	2.616004	9	-0.355530	-0.452613	2.570178	10	-0.086047	-0.427353	2.509490	11	0.214964	-0.322246	2.500475	
8	-0.136232	-0.336692	2.616402	9	-0.355553	-0.452641	2.570203	10	-0.085887	-0.427094	2.509442	11	0.210314	-0.325480	2.499671	
8	-0.136232	-0.336692	2.616402	9	-0.355553	-0.452641	2.570203	10	-0.085887	-0.427094	2.509442	11	0.210314	-0.325480	2.499671	
8	-0.135605	-0.336803	2.616637	9	-0.355609	-0.452665	2.570195	10	-0.085808	-0.426906	2.509408	11	0.207165	-0.327679	2.499228	
8	-0.135605	-0.336803	2.616637	9	-0.355609	-0.452665	2.570195	10	-0.085808	-0.426906	2.509408	11	0.207165	-0.327679	2.499228	
8	-0.135605	-0.336803	2.616637	9	-0.355609	-0.452665	2.570195	10	-0.085808	-0.426906	2.509408	11	0.207165	-0.327679	2.499228	
8	-0.133704	-0.337894	2.616876	9	-0.355692	-0.452753	2.570174	10	-0.085741	-0.427202	2.509058	11	-0.010936	-0.351891	2.540184	
8	-0.133704	-0.337894	2.616876	9	-0.355692	-0.452753	2.570174	10	-0.085741	-0.427202	2.509058	11	-0.010936	-0.351891	2.540184	
8	-0.131927	-0.339035	2.617053	9	-0.355784	-0.452806	2.570129	10	-0.085706	-0.427342	2.508815	11	-0.057540	-0.359232	2.548754	
8	-0.131927	-0.339035	2.617053	9	-0.355784	-0.452806	2.570129	10	-0.085706	-0.427342	2.508815	11	-0.057540	-0.359232	2.548754	
8	-0.130784	-0.339876	2.617101	9	-0.355866	-0.452841	2.570109	10	-0.085684	-0.427467	2.508631	11	-0.092441	-0.363546	2.555441	
8	-0.130784	-0.339876	2.617101	9	-0.355866	-0.452841	2.570109	10	-0.085684	-0.427467	2.508631	11	-0.092441	-0.363546	2.555441	
8	-0.129856	-0.340613	2.617129	9	-0.356313	-0.452822	2.570202	10	-0.085894	-0.427607	2.508511	11	-0.114628	-0.366207	2.559756	
8	-0.129209	-0.341231	2.617107	9	-0.356695	-0.452819	2.570268	10	-0.088276	-0.444698	2.502460	11	0.133752	-0.390957	2.473822	
8	-0.129209	-0.341231	2.617107	9	-0.356695	-0.452819	2.570268	10	-0.088276	-0.444698	2.502460	11	0.133752	-0.390957	2.473822	
8	-0.129209	-0.341231	2.617107	9	-0.356695	-0.452819	2.570268	10	-0.088276	-0.444698	2.502460	11	0.133752	-0.390957	2.473822	
8	-0.128763	-0.341703	2.617060	9	-0.357074	-0.452807	2.570289	10	-0.089593	-0.454017	2.499083	11	0.141115	-0.398923	2.466421	
8	-0.128763	-0.341703	2.617060	9	-0.357074	-0.452807	2.570289	10	-0.089593	-0.454017	2.499083	11	0.141115	-0.398923	2.466421	
8	-0.128447	-0.342169	2.616982	9	-0.357438	-0.452810	2.570306	10	-0.090373	-0.459455	2.497135	11	0.203242	-0.403714	2.446167	
8	-0.128447	-0.342169	2.616982	9	-0.357438	-0.452810	2.570306	10	-0.090373	-0.459455	2.497135	11	0.203242	-0.403714	2.446167	
8	-0.128447	-0.342169	2.616982	9	-0.357438	-0.452810	2.570306	10	-0.090373	-0.459455	2.497135	11	0.203242	-0.403714	2.446167	
8	-0.128230	-0.342588	2.616866	9	-0.357610	-0.452828	2.570314	10	-0.090621	-0.462829	2.495953	11	0.226845	-0.406831	2.437627	
8	-0.128230	-0.342588	2.616866	9	-0.357610	-0.452828	2.570314	10	-0.090621	-0.462829	2.495953	11	0.226845	-0.406831	2.437627	
8	-0.128081	-0.343253	2.616704	9	-0.357732	-0.452864	2.570329	10	-0.090723	-0.465259	2.495135	11	0.213091	-0.398146	2.446630	
8	-0.128081	-0.343253	2.616704	9	-0.357732	-0.452864	2.570329	10	-0.090723	-0.465259	2.495135	11	0.213091	-0.398146	2.446630	
8	-0.128025	-0.343856	2.616564	9	-0.357807	-0.452907	2.570336	10	-0.090688	-0.466751	2.494626	11	0.213991	-0.396807	2.446233	
8	-0.128025	-0.343856	2.616564	9	-0.357807	-0.452907	2.570336	10	-0.090688	-0.466751	2.494626	11	0.213991	-0.396807	2.446233	
8	-0.128024	-0.344389	2.616431	9	-0.357878	-0.453023	2.570339	10	-0.090571	-0.467706	2.494341	11	0.206890	-0.394047	2.449526	
8	-0.128024	-0.344389	2.616431	9	-0.357878	-0.453023	2.570339	10	-0.090571	-0.467706	2.494341	11	0.206890	-0.394047	2.449526	
8	-0.128076	-0.344737	2.616348	9	-0.357888	-0.453169	2.570326	10	-0.087162	-0.438921	2.507242	11	0.217781	-0.344239	2.486362	
8	-0.128076	-0.344737	2.616348	9	-0.357888	-0.453169	2.570326	10	-0.087162	-0.438921	2.507242	11	0.217781	-0.344239	2.486362	
8	-0.128168	-0.345016	2.616275	9	-0.357846	-0.453280	2.570297	10	-0.085892	-0.431192	2.509580	11	-0.014830	-0.343400	2.548404	
8	-0.128168	-0.345016	2.616275	9	-0.357846	-0.453280	2.570297	10	-0.085892	-0.431192	2.509580	11	-0.014830	-0.343400	2.548404	
8	-0.128258	-0.345221	2.616214	9	-0.357819	-0.453366	2.570267	10	-0.085220	-0.426943	2.510995	11	-0.058197	-0.331864	2.568510	
8	-0.128258	-0.345221	2.616214	9	-0.357819	-0.453366	2.570267	10	-0.085220	-0.426943	2.510995	11	-0.058197	-0.331864	2.568510	
8	-0.128357	-0.345399	2.616167	9	-0.357731	-0.453389	2.570199	10	-0.084388	-0.434980	2.506579	11	-0.103916	-0.343398	2.574842	
8	-0.128357	-0.345399	2.616167	9	-0.357731	-0.453389	2.570199	10	-0.084388	-0.434980	2.506579	11	-0.103916	-0.343398	2.574842	
8	-0.128357	-0.345399	2.616167	9	-0.357731	-0.453389	2.570199	10	-0.084388	-0.434980	2.506579	11	-0.103916	-0.343398	2.574842	
8	-0.128461	-0.345546	2.616129	9	-0.357645	-0.453425	2.570129	10	-0.083752	-0.431264	2.507827	11	0.168821	-0.323059	2.510718	
8	-0.128461	-0.345546	2.616129	9	-0.357645	-0.453425	2.570129	10	-0.083752	-0.431264	2.507827	11	0.168821	-0.323059	2.510718	
8	-0.128297	-0.345808	2.616133	9	-0.357543	-0.453427	2.570055	10	-0.083248	-0.427394	2.509450	11	0.161897	-0.316373	2.518129	
8	-0.128230	-0.345986	2.616116	9	-0.357443	-0.453418	2.569989	10	-0.082955	-0.426219	2.509882	11	0.213877	-0.319718	2.503317	
8	-0.128230	-0.345986	2.616116	9	-0.357443	-0.453418	2.569989	10	-0.082955	-0.426219	2.509882	11	0.213877	-0.319718	2.503317	
8	-0.128230	-0.345986	2.616116	9	-0.357443	-0.453418	2.569989	10	-0.082955	-0.426219	2.509882	11	0.213877	-0.319718	2.503317	
8	-0.128205	-0.346087	2.616107	9	-0.357384	-0.453417	2.569897	10	-0.082771	-0.425414	2.510138	11	0.236227	-0.320721	2.496752	
8	-0.128205	-0.346087	2.616107	9	-0.357384	-0.453417	2.569897	10	-0.082771	-0.425414	2.510138	11	0.236227	-0.320721	2.496752	
8	-0.128200	-0.346189	2.616093	9	-0.357329	-0.453413	2.569807	10	-0.084223	-0.446410	2.502284	11	0.220014	-0.376630	2.476505	
8	-0.128200	-0.346189	2.616093	9	-0.357329	-0.453413	2.569807	10	-0.084223	-0.446410	2.502284	11	0.220014	-0.376630	2.476505	
8	-0.128224	-0.346310	2.616073	9	-0.357274	-0.453404	2.569733	10	-0.084352	-0.443421	2.503354	11	0.221818	-0.352848	2.486452	
8	-0.128224	-0.346310	2.616073	9	-0.357274	-0.453404	2.569733	10	-0.084352	-0.443421	2.503354	11	0.221818	-0.352848	2.486452	
8	-0.128337	-0.346401	2.616023	9	-0.357254	-0.453400	2.569699	10	-0.084784	-0.440125	2.504437	11	0.225242	-0.351501	2.485665	
8	-0.128337	-0.346401	2.616023	9	-0.357254	-0.453400	2.569699	10	-0.084784	-0.440125	2.504437	11	0.225242	-0.351501	2.485665	
8	-0.128463	-0.346450	2.615951	9	-0.357247	-0.453394	2.569667	10	-0.085200	-0.437152	2.505286	11	0.221125	-0.338431	2.492726	
8	-0.128463	-0.346450	2.615951	9	-0.357247	-0.453394	2.569667	10	-0.085200	-0.437152	2.505286	11	0.221125	-0.338431	2.492726	
8	-0.128685	-0.346552	2.615845	9	-0.356565	-0.453093	2.569630	10	-0.083879	-0.433419	2.506249	11	0.217202	-0.330221	2.497129	
8	-0.128685	-0.346552	2.615845	9	-0.356565	-0.453093	2.569630	10	-0.083879	-0.433419	2.506249	11	0.217202	-0.330221	2.497129	
8	-0.128685	-0.346552	2.615845	9	-0.356565	-0.453093	2.569630	10	-0.083879	-0.433419	2.506249	11	0.217202	-0.330221	2.497129	
8	-0.128933	-0.346672	2.615746	9	-0.356347	-0.452961	2.569614	10	-0.083450	-0.430783	2.507109	11	0.214169	-0.325017	2.499849	
8	-0.129199	-0.346802	2.615653	9	-0.356203	-0.452925	2.569566	10	-0.083681	-0.444740	2.501832	11	-0.020907	-0.369576	2.522170	
8	-0.129199	-0.346802	2.615653	9	-0.356203	-0.452925	2.569566	10	-0.083681	-0.444740	2.501832	11	-0.020907	-0.369576	2.522170	
8	-0.129199	-0.346802	2.615653	9	-0.356203	-0.452925	2.569566	10	-0.083681	-0.444740	2.501832	11	-0.020907	-0.369576	2.522170	
8	-0.129459	-0.346906	2.615569	9	-0.356135	-0.452893	2.569525	10	-0.084069	-0.435996	2.506204	11	-0.087215	-0.357043	2.537039	
8	-0.129459	-0.346906	2.615569	9	-0.356135	-0.452893	2.569525	10	-0.084069	-0.435996	2.506204	11	-0.087215	-0.357043	2.537039	
8	-0.129711	-0.346995	2.615491	9	-0.356115	-0.452821	2.569492	10	-0.084519	-0.429485	2.509373	11	-0.106024	-0.355027	2.539688	
8	-0.129711	-0.346995	2.615491	9	-0.356115	-0.452821	2.569492	10	-0.084519	-0.429485	2.509373	11	-0.106024	-0.355027	2.539688	
8	-0.129732	-0.347146	2.615432	9	-0.356099	-0.452762	2.569464	10	-0.084688	-0.426384	2.510762	11	-0.109331	-0.356665	2.540920	
8	-0.129782	-0.347199	2.615402	9	-0.356082	-0.452717	2.569441	10	-0.084752	-0.424731	2.511450	11	-0.150776	-0.359956	2.546625	
8	-0.129782	-0.347199	2.615402	9	-0.356082	-0.452717	2.569441	10	-0.084752	-0.424731	2.511450	11	-0.150776	-0.359956	2.546625	
8	-0.129782	-0.347199	2.615402	9	-0.356082	-0.452717	2.569441	10	-0.084752	-0.424731	2.511450	11	-0.150776	-0.359956	2.546625	
8	-0.129819	-0.347245	2.615381	9	-0.356041	-0.452690	2.569398	10	-0.084704	-0.423911	2.511607	11	-0.137820	-0.362901	2.543829	
8	-0.129819	-0.347245	2.615381	9	-0.356041	-0.452690	2.569398	10	-0.084704	-0.423911	2.511607	11	-0.137820	-0.362901	2.543829	
8	-0.129819	-0.347245	2.615381	9	-0.356041	-0.452690	2.569398	10	-0.084704	-0.423911	2.511607	11	-0.137820	-0.362901	2.543829	
8	-0.129846	-0.347279	2.615371	9	-0.356036	-0.452663	2.569355	10	-0.084725	-0.423547	2.511476	11	-0.121775	-0.364988	2.540744	
8	-0.129673	-0.347683	2.615376	9	-0.359929	-0.455168	2.566875	10	-0.098045	-0.452192	2.496303	11	-0.092333	-0.379224	2.522468	
8	-0.129673	-0.347683	2.615376	9	-0.359929	-0.455168	2.566875	10	-0.098045	-0.452192	2.496303	11	-0.092333	-0.379224	2.522468	
8	-0.129498	-0.348125	2.615394	9	-0.359834	-0.455447	2.566307	10	-0.096038	-0.461616	2.491124	11	-0.058436	-0.384282	2.513526	
8	-0.129498	-0.348125	2.615394	9	-0.359834	-0.455447	2.566307	10	-0.096038	-0.461616	2.491124	11	-0.058436	-0.384282	2.513526	
8	-0.129498	-0.348125	2.615394	9	-0.359834	-0.455447	2.566307	10	-0.096038	-0.461616	2.491124	11	-0.058436	-0.384282	2.513526	
8	-0.129399	-0.348442	2.615415	9	-0.359723	-0.455612	2.566069	10	-0.089863	-0.445781	2.498634	11	0.173064	-0.333087	2.500278	
8	-0.129350	-0.348644	2.615431	9	-0.359560	-0.455605	2.565966	10	-0.086870	-0.437964	2.502306	11	0.235999	-0.328596	2.491010	
8	-0.129350	-0.348644	2.615431	9	-0.359560	-0.455605	2.565966	10	-0.086870	-0.437964	2.502306	11	0.235999	-0.328596	2.491010	
8	-0.129350	-0.348644	2.615431	9	-0.359560	-0.455605	2.565966	10	-0.086870	-0.437964	2.502306	11	0.235999	-0.328596	2.491010	
8	-0.129330	-0.348754	2.615440	9	-0.359300	-0.455493	2.565955	10	-0.085365	-0.434812	2.503541	11	-0.006678	-0.345594	2.539099	
8	-0.129330	-0.348754	2.615440	9	-0.359300	-0.455493	2.565955	10	-0.085365	-0.434812	2.503541	11	-0.006678	-0.345594	2.539099	
8	-0.129328	-0.348853	2.615451	9	-0.359073	-0.455345	2.566000	10	-0.084270	-0.431342	2.505100	11	0.189873	-0.320214	2.511744	
8	-0.129328	-0.348853	2.615451	9	-0.359073	-0.455345	2.566000	10	-0.084270	-0.431342	2.505100	11	0.189873	-0.320214	2.511744	
8	-0.129349	-0.348924	2.615460	9	-0.358812	-0.455010	2.566148	10	-0.083549	-0.427664	2.506837	11	0.223842	-0.314872	2.507090	
8	-0.129349	-0.348924	2.615460	9	-0.358812	-0.455010	2.566148	10	-0.083549	-0.427664	2.506837	11	0.223842	-0.314872	2.507090	
8	-0.129381	-0.348979	2.615464	9	-0.358638	-0.454629	2.566503	10	-0.084837	-0.443432	2.501940	11	0.203888	-0.367066	2.474554	
8	-0.129381	-0.348979	2.615464	9	-0.358638	-0.454629	2.566503	10	-0.084837	-0.443432	2.501940	11	0.203888	-0.367066	2.474554	
8	-0.129381	-0.348979	2.615464	9	-0.358638	-0.454629	2.566503	10	-0.084837	-0.443432	2.501940	11	0.203888	-0.367066	2.474554	
8	-0.129425	-0.349018	2.615469	9	-0.358578	-0.454466	2.566728	10	-0.086031	-0.452941	2.499005	11	-0.022113	-0.380054	2.516198	
8	-0.129425	-0.349018	2.615469	9	-0.358578	-0.454466	2.566728	10	-0.086031	-0.452941	2.499005	11	-0.022113	-0.380054	2.516198	
8	-0.129498	-0.349036	2.615478	9	-0.358565	-0.454325	2.566932	10	-0.086628	-0.447497	2.501812	11	-0.043475	-0.371684	2.526834	
8	-0.129498	-0.349036	2.615478	9	-0.358565	-0.454325	2.566932	10	-0.086628	-0.447497	2.501812	11	-0.043475	-0.371684	2.526834	
8	-0.129597	-0.349033	2.615481	9	-0.358566	-0.454218	2.567111	10	-0.087043	-0.442312	2.504291	11	-0.080339	-0.368497	2.537279	
8	-0.129597	-0.349033	2.615481	9	-0.358566	-0.454218	2.567111	10	-0.087043	-0.442312	2.504291	11	-0.080339	-0.368497	2.537279	
8	-0.129633	-0.349018	2.615499	9	-0.358573	-0.454137	2.567259	10	-0.087279	-0.438373	2.506131	11	-0.100734	-0.366947	2.542965	
8	-0.129633	-0.349018	2.615499	9	-0.358573	-0.454137	2.567259	10	-0.087279	-0.438373	2.506131	11	-0.100734	-0.366947	2.542965	
8	-0.129633	-0.349018	2.615499	9	-0.358573	-0.454137	2.567259	10	-0.087279	-0.438373	2.506131	11	-0.100734	-0.366947	2.542965	
8	-0.129689	-0.348978	2.615525	9	-0.358571	-0.454049	2.567404	10	-0.087346	-0.435547	2.507323	11	-0.107215	-0.363031	2.547135	
8	-0.129759	-0.348928	2.615546	9	-0.358641	-0.453946	2.567615	10	-0.087715	-0.428980	2.510690	11	-0.100647	-0.354263	2.551612	
8	-0.129759	-0.348928	2.615546	9	-0.358641	-0.453946	2.567615	10	-0.087715	-0.428980	2.510690	11	-0.100647	-0.354263	2.551612	
8	-0.129759	-0.348928	2.615546	9	-0.358641	-0.453946	2.567615	10	-0.087715	-0.428980	2.510690	11	-0.100647	-0.354263	2.551612	
8	-0.129897	-0.348815	2.615565	9	-0.358695	-0.453854	2.567784	10	-0.087884	-0.424926	2.512613	11	-0.089899	-0.354036	2.550402	
8	-0.129897	-0.348815	2.615565	9	-0.358695	-0.453854	2.567784	10	-0.087884	-0.424926	2.512613	11	-0.089899	-0.354036	2.550402	
8	-0.130050	-0.348678	2.615599	9	-0.358624	-0.453772	2.567844	10	-0.087721	-0.423106	2.513249	11	-0.084232	-0.355262	2.548926	
8	-0.130050	-0.348678	2.615599	9	-0.358624	-0.453772	2.567844	10	-0.087721	-0.423106	2.513249	11	-0.084232	-0.355262	2.548926	
8	-0.130221	-0.348521	2.615637	9	-0.358576	-0.453721	2.567909	10	-0.087593	-0.421918	2.513582	11	0.172230	-0.331402	2.505142	
8	-0.130221	-0.348521	2.615637	9	-0.358576	-0.453721	2.567909	10	-0.087593	-0.421918	2.513582	11	0.172230	-0.331402	2.505142	
8	-0.130396	-0.348349	2.615683	9	-0.358515	-0.453674	2.567961	10	-0.087189	-0.422322	2.512531	11	0.031155	-0.345623	2.531224	
8	-0.130396	-0.348349	2.615683	9	-0.358515	-0.453674	2.567961	10	-0.087189	-0.422322	2.512531	11	0.031155	-0.345623	2.531224	
8	-0.129087	-0.346978	2.616265	9	-0.358445	-0.453629	2.568001	10	-0.086764	-0.423051	2.511428	11	-0.008840	-0.349504	2.538673	
8	-0.129087	-0.346978	2.616265	9	-0.358445	-0.453629	2.568001	10	-0.086764	-0.423051	2.511428	11	-0.008840	-0.349504	2.538673	
8	-0.128409	-0.346110	2.616624	9	-0.358187	-0.453507	2.567967	10	-0.086339	-0.422648	2.511060	11	0.174388	-0.329508	2.507251	
8	-0.128409	-0.346110	2.616624	9	-0.358187	-0.453507	2.567967	10	-0.086339	-0.422648	2.511060	11	0.174388	-0.329508	2.507251	
8	-0.128409	-0.346110	2.616624	9	-0.358187	-0.453507	2.567967	10	-0.086339	-0.422648	2.511060	11	0.174388	-0.329508	2.507251	
8	-0.128042	-0.345593	2.616811	9	-0.357919	-0.453390	2.567925	10	-0.085943	-0.422275	2.510740	11	0.217664	-0.324355	2.500479	
8	-0.127815	-0.345232	2.616928	9	-0.357727	-0.453344	2.567924	10	-0.085666	-0.421956	2.510544	11	0.249139	-0.319941	2.493895	
8	-0.127815	-0.345232	2.616928	9	-0.357727	-0.453344	2.567924	10	-0.085666	-0.421956	2.510544	11	0.249139	-0.319941	2.493895	
8	-0.127650	-0.344949	2.617016	9	-0.357539	-0.453257	2.567904	10	-0.085425	-0.421712	2.510375	11	0.265471	-0.318358	2.489920	
8	-0.127650	-0.344949	2.617016	9	-0.357539	-0.453257	2.567904	10	-0.085425	-0.421712	2.510375	11	0.265471	-0.318358	2.489920	
8	-0.127650	-0.344949	2.617016	9	-0.357539	-0.453257	2.567904	10	-0.085425	-0.421712	2.510375	11	0.265471	-0.318358	2.489920	
8	-0.127537	-0.344717	2.617089	9	-0.357308	-0.453149	2.567820	10	-0.084839	-0.449174	2.497930	11	0.015667	-0.385677	2.505383	
8	-0.127537	-0.344717	2.617089	9	-0.357308	-0.453149	2.567820	10	-0.084839	-0.449174	2.497930	11	0.015667	-0.385677	2.505383	
8	-0.127465	-0.344545	2.617144	9	-0.357074	-0.453045	2.567739	10	-0.083561	-0.439910	2.501982	11	-0.039405	-0.369331	2.522118	
8	-0.127465	-0.344545	2.617144	9	-0.357074	-0.453045	2.567739	10	-0.083561	-0.439910	2.501982	11	-0.039405	-0.369331	2.522118	
8	-0.127422	-0.344410	2.617177	9	-0.356753	-0.452820	2.567641	10	-0.082643	-0.435276	2.503140	11	-0.092257	-0.369954	2.530520	
8	-0.127422	-0.344410	2.617177	9	-0.356753	-0.452820	2.567641	10	-0.082643	-0.435276	2.503140	11	-0.092257	-0.369954	2.530520	
8	-0.127422	-0.344410	2.617177	9	-0.356753	-0.452820	2.567641	10	-0.082643	-0.435276	2.503140	11	-0.092257	-0.369954	2.530520	
8	-0.127421	-0.344281	2.617200	9	-0.356509	-0.452628	2.567591	10	-0.082198	-0.428973	2.505084	11	-0.098994	-0.363579	2.536718	
8	-0.127464	-0.344155	2.617203	9	-0.356307	-0.452387	2.567625	10	-0.082131	-0.423678	2.506988	11	-0.131367	-0.367253	2.540943	
8	-0.127464	-0.344155	2.617203	9	-0.356307	-0.452387	2.567625	10	-0.082131	-0.423678	2.506988	11	-0.131367	-0.367253	2.540943	
8	-0.131377	-0.340041	2.616946	9	-0.356141	-0.452160	2.567687	10	-0.082074	-0.422256	2.507105	11	-0.128455	-0.368080	2.542565	
8	-0.131377	-0.340041	2.616946	9	-0.356141	-0.452160	2.567687	10	-0.082074	-0.422256	2.507105	11	-0.128455	-0.368080	2.542565	
8	-0.132285	-0.340515	2.616431	9	-0.356038	-0.452079	2.567794	10	-0.083643	-0.436533	2.501281	11	0.130457	-0.385891	2.470640	
8	-0.132285	-0.340515	2.616431	9	-0.356038	-0.452079	2.567794	10	-0.083643	-0.436533	2.501281	11	0.130457	-0.385891	2.470640	
8	-0.132919	-0.341253	2.615920	9	-0.355947	-0.452014	2.567881	10	-0.083873	-0.437880	2.500476	11	0.171068	-0.368610	2.473824	
8	-0.132919	-0.341253	2.615920	9	-0.355947	-0.452014	2.567881	10	-0.083873	-0.437880	2.500476	11	0.171068	-0.368610	2.473824	
8	-0.133382	-0.342137	2.615441	9	-0.355876	-0.451966	2.567937	10	-0.084101	-0.437310	2.500233	11	0.233215	-0.336806	2.479645	
8	-0.133382	-0.342137	2.615441	9	-0.355876	-0.451966	2.567937	10	-0.084101	-0.437310	2.500233	11	0.233215	-0.336806	2.479645	
8	-0.133382	-0.342137	2.615441	9	-0.355876	-0.451966	2.567937	10	-0.084101	-0.437310	2.500233	11	0.233215	-0.336806	2.479645	
8	-0.133688	-0.342743	2.615124	9	-0.355822	-0.451919	2.567972	10	-0.084278	-0.436237	2.500125	11	0.271585	-0.333301	2.473215	
8	-0.133688	-0.342743	2.615124	9	-0.355822	-0.451919	2.567972	10	-0.084278	-0.436237	2.500125	11	0.271585	-0.333301	2.473215	
8	-0.133917	-0.343170	2.614875	9	-0.355778	-0.451886	2.568010	10	-0.084453	-0.429596	2.502857	11	0.278810	-0.317795	2.481447	
8	-0.133917	-0.343170	2.614875	9	-0.355778	-0.451886	2.568010	10	-0.084453	-0.429596	2.502857	11	0.278810	-0.317795	2.481447	
8	-0.134025	-0.343486	2.614686	9	-0.355737	-0.451865	2.568047	10	-0.084495	-0.424430	2.505229	11	0.242337	-0.305190	2.497751	
8	-0.134025	-0.343486	2.614686	9	-0.355737	-0.451865	2.568047	10	-0.084495	-0.424430	2.505229	11	0.242337	-0.305190	2.497751	
8	-0.134067	-0.343767	2.614536	9	-0.355696	-0.451846	2.568089	10	-0.084539	-0.423006	2.505737	11	0.010804	-0.344093	2.528089	
8	-0.134067	-0.343767	2.614536	9	-0.355696	-0.451846	2.568089	10	-0.084539	-0.423006	2.505737	11	0.010804	-0.344093	2.528089	
8	-0.134067	-0.343767	2.614536	9	-0.355696	-0.451846	2.568089	10	-0.084539	-0.423006	2.505737	11	0.010804	-0.344093	2.528089	
8	-0.132074	-0.344844	2.614380	9	-0.355679	-0.451840	2.568108	10	-0.084588	-0.422017	2.506101	11	-0.065250	-0.353742	2.539944	
8	-0.132074	-0.344844	2.614380	9	-0.355679	-0.451840	2.568108	10	-0.084588	-0.422017	2.506101	11	-0.065250	-0.353742	2.539944	
8	-0.129773	-0.346062	2.614351	9	-0.355665	-0.451835	2.568120	10	-0.084595	-0.420851	2.506769	11	-0.114856	-0.360806	2.548564	
8	-0.129773	-0.346062	2.614351	9	-0.355665	-0.451835	2.568120	10	-0.084595	-0.420851	2.506769	11	-0.114856	-0.360806	2.548564	
8	-0.128679	-0.346718	2.614320	9	-0.355647	-0.451834	2.568126	10	-0.084534	-0.419829	2.507409	11	-0.142528	-0.364353	2.553298	
8	-0.128679	-0.346718	2.614320	9	-0.355647	-0.451834	2.568126	10	-0.084534	-0.419829	2.507409	11	-0.142528	-0.364353	2.553298	
8	-0.127731	-0.347245	2.614311	9	-0.355637	-0.451832	2.568134	10	-0.084506	-0.418986	2.508034	11	-0.144579	-0.365086	2.554481	
8	-0.127731	-0.347245	2.614311	9	-0.355637	-0.451832	2.568134	10	-0.084506	-0.418986	2.508034	11	-0.144579	-0.365086	2.554481	
8	-0.127205	-0.347550	2.614306	9	-0.355627	-0.451830	2.568140	10	-0.084447	-0.418171	2.508648	11	-0.135937	-0.363840	2.554033	
8	-0.127205	-0.347550	2.614306	9	-0.355627	-0.451830	2.568140	10	-0.084447	-0.418171	2.508648	11	-0.135937	-0.363840	2.554033	
8	-0.126852	-0.347745	2.614308	9	-0.355615	-0.451827	2.568148	10	-0.084395	-0.417941	2.508869	11	-0.117864	-0.364241	2.550058	
8	-0.126852	-0.347745	2.614308	9	-0.355615	-0.451827	2.568148	10	-0.084395	-0.417941	2.508869	11	-0.117864	-0.364241	2.550058	
8	-0.126625	-0.347764	2.614345	9	-0.355601	-0.451826	2.568155	10	-0.084316	-0.418004	2.508935	11	-0.102432	-0.364559	2.546410	
8	-0.126625	-0.347764	2.614345	9	-0.355601	-0.451826	2.568155	10	-0.084316	-0.418004	2.508935	11	-0.102432	-0.364559	2.546410	
8	-0.126218	-0.347804	2.614462	9	-0.355584	-0.451810	2.568169	10	-0.084234	-0.418245	2.508884	11	-0.091065	-0.364694	2.543625	
8	-0.126218	-0.347804	2.614462	9	-0.355584	-0.451810	2.568169	10	-0.084234	-0.418245	2.508884	11	-0.091065	-0.364694	2.543625	
8	-0.126218	-0.347804	2.614462	9	-0.355584	-0.451810	2.568169	10	-0.084234	-0.418245	2.508884	11	-0.091065	-0.364694	2.543625	
8	-0.125920	-0.347778	2.614560	9	-0.355565	-0.451797	2.568190	10	-0.084151	-0.418628	2.508740	11	-0.083005	-0.364773	2.541592	
8	-0.125920	-0.347778	2.614560	9	-0.355565	-0.451797	2.568190	10	-0.084151	-0.418628	2.508740	11	-0.083005	-0.364773	2.541592	
8	-0.125770	-0.347687	2.614655	9	-0.355521	-0.451736	2.568187	10	-0.084022	-0.419119	2.508349	11	-0.077149	-0.364770	2.539841	
8	-0.125695	-0.347536	2.614760	9	-0.355495	-0.451612	2.568192	10	-0.083972	-0.419440	2.508078	11	-0.073193	-0.364632	2.538695	
8	-0.125695	-0.347536	2.614760	9	-0.355495	-0.451612	2.568192	10	-0.083972	-0.419440	2.508078	11	-0.073193	-0.364632	2.538695	
8	-0.125695	-0.347536	2.614760	9	-0.355495	-0.451612	2.568192	10	-0.083972	-0.419440	2.508078	11	-0.073193	-0.364632	2.538695	
8	-0.125691	-0.347373	2.614856	9	-0.355470	-0.451558	2.568213	10	-0.083947	-0.420514	2.507181	11	-0.070336	-0.364814	2.537604	
8	-0.125691	-0.347373	2.614856	9	-0.355470	-0.451558	2.568213	10	-0.083947	-0.420514	2.507181	11	-0.070336	-0.364814	2.537604	
8	-0.125834	-0.347102	2.614935	9	-0.355448	-0.451509	2.568237	10	-0.083944	-0.421493	2.506368	11	-0.068302	-0.364959	2.536798	
8	-0.131780	-0.340985	2.616068	9	-0.355428	-0.451466	2.568262	10	-0.083950	-0.422381	2.505649	11	-0.066835	-0.365083	2.536193	
8	-0.131780	-0.340985	2.616068	9	-0.355428	-0.451466	2.568262	10	-0.083950	-0.422381	2.505649	11	-0.066835	-0.365083	2.536193	
8	-0.131780	-0.340985	2.616068	9	-0.355428	-0.451466	2.568262	10	-0.083950	-0.422381	2.505649	11	-0.066835	-0.365083	2.536193	
8	-0.131780	-0.340985	2.616068	9	-0.355428	-0.451466	2.568262	10	-0.083950	-0.422381	2.505649	11	-0.066835	-0.365083	2.536193	
8	-0.134455	-0.338717	2.616519	9	-0.355628	-0.451475	2.568398	10	-0.084408	-0.423273	2.505094	11	-0.065893	-0.365199	2.535768	
8	-0.134455	-0.338717	2.616519	9	-0.355628	-0.451475	2.568398	10	-0.084408	-0.423273	2.505094	11	-0.065893	-0.365199	2.535768	
8	-0.136009	-0.337491	2.616736	9	-0.355814	-0.451447	2.568490	10	-0.084799	-0.423966	2.504637	11	-0.065254	-0.365301	2.535423	
8	-0.136009	-0.337491	2.616736	9	-0.355814	-0.451447	2.568490	10	-0.084799	-0.423966	2.504637	11	-0.065254	-0.365301	2.535423	
8	-0.137036	-0.336877	2.616802	9	-0.356021	-0.451414	2.568590	10	-0.085246	-0.424814	2.504175	11	-0.062490	-0.361635	2.537088	
8	-0.132152	-0.341731	2.617331	9	-0.356224	-0.451400	2.568660	10	-0.085626	-0.424747	2.504491	11	0.155597	-0.332858	2.500188	
8	-0.132152	-0.341731	2.617331	9	-0.356224	-0.451400	2.568660	10	-0.085626	-0.424747	2.504491	11	0.155597	-0.332858	2.500188	
8	-0.129839	-0.345071	2.617439	9	-0.356547	-0.451397	2.568806	10	-0.088956	-0.446548	2.498034	11	-0.001354	-0.381882	2.513736	
8	-0.129839	-0.345071	2.617439	9	-0.356547	-0.451397	2.568806	10	-0.088956	-0.446548	2.498034	11	-0.001354	-0.381882	2.513736	
8	-0.127711	-0.347712	2.617505	9	-0.356659	-0.451397	2.568842	10	-0.088892	-0.441138	2.501355	11	0.165087	-0.334819	2.499862	
8	-0.127711	-0.347712	2.617505	9	-0.356659	-0.451397	2.568842	10	-0.088892	-0.441138	2.501355	11	0.165087	-0.334819	2.499862	
8	-0.127711	-0.347712	2.617505	9	-0.356659	-0.451397	2.568842	10	-0.088892	-0.441138	2.501355	11	0.165087	-0.334819	2.499862	
8	-0.126844	-0.348810	2.617518	9	-0.356755	-0.451395	2.568870	10	-0.088675	-0.437773	2.503533	11	0.209011	-0.330112	2.493656	
8	-0.126844	-0.348810	2.617518	9	-0.356755	-0.451395	2.568870	10	-0.088675	-0.437773	2.503533	11	0.209011	-0.330112	2.493656	
8	-0.126844	-0.348810	2.617518	9	-0.356755	-0.451395	2.568870	10	-0.088675	-0.437773	2.503533	11	0.209011	-0.330112	2.493656	
8	-0.126274	-0.349640	2.617495	9	-0.356813	-0.451386	2.568885	10	-0.088327	-0.445563	2.500930	11	0.223807	-0.359639	2.479613	
8	-0.125875	-0.350238	2.617477	9	-0.356855	-0.451384	2.568900	10	-0.087915	-0.445056	2.501024	11	-0.011179	-0.355447	2.534331	
8	-0.125875	-0.350238	2.617477	9	-0.356855	-0.451384	2.568900	10	-0.087915	-0.445056	2.501024	11	-0.011179	-0.355447	2.534331	
8	-0.125875	-0.350238	2.617477	9	-0.356855	-0.451384	2.568900	10	-0.087915	-0.445056	2.501024	11	-0.011179	-0.355447	2.534331	
8	-0.125647	-0.350620	2.617471	9	-0.356866	-0.451378	2.568888	10	-0.087285	-0.443752	2.501145	11	-0.023703	-0.358322	2.536592	
8	-0.125633	-0.350815	2.617451	9	-0.356852	-0.451372	2.568853	10	-0.085609	-0.433519	2.506392	11	-0.068952	-0.350984	2.552037	
8	-0.125633	-0.350815	2.617451	9	-0.356852	-0.451372	2.568853	10	-0.085609	-0.433519	2.506392	11	-0.068952	-0.350984	2.552037	
8	-0.125760	-0.350863	2.617428	9	-0.356807	-0.451346	2.568784	10	-0.084469	-0.426417	2.509819	11	-0.090406	-0.348358	2.558743	
8	-0.125760	-0.350863	2.617428	9	-0.356807	-0.451346	2.568784	10	-0.084469	-0.426417	2.509819	11	-0.090406	-0.348358	2.558743	
8	-0.125963	-0.350866	2.617393	9	-0.356827	-0.451334	2.568743	10	-0.085641	-0.441529	2.502810	11	-0.090096	-0.368071	2.543396	
8	-0.125963	-0.350866	2.617393	9	-0.356827	-0.451334	2.568743	10	-0.085641	-0.441529	2.502810	11	-0.090096	-0.368071	2.543396	
8	-0.125963	-0.350866	2.617393	9	-0.356827	-0.451334	2.568743	10	-0.085641	-0.441529	2.502810	11	-0.090096	-0.368071	2.543396	
8	-0.125963	-0.350866	2.617393	9	-0.356827	-0.451334	2.568743	10	-0.085641	-0.441529	2.502810	11	-0.090096	-0.368071	2.543396	
8	-0.126260	-0.350808	2.617361	9	-0.356837	-0.451300	2.568699	10	-0.086146	-0.449016	2.498772	11	0.134680	-0.388664	2.468680	
8	-0.126260	-0.350808	2.617361	9	-0.356837	-0.451300	2.568699	10	-0.086146	-0.449016	2.498772	11	0.134680	-0.388664	2.468680	
8	-0.126260	-0.350808	2.617361	9	-0.356837	-0.451300	2.568699	10	-0.086146	-0.449016	2.498772	11	0.134680	-0.388664	2.468680	
8	-0.126641	-0.350682	2.617340	9	-0.356847	-0.451265	2.568662	10	-0.085878	-0.436250	2.504333	11	-0.033454	-0.360057	2.524295	
8	-0.126641	-0.350682	2.617340	9	-0.356847	-0.451265	2.568662	10	-0.085878	-0.436250	2.504333	11	-0.033454	-0.360057	2.524295	
8	-0.126763	-0.350676	2.617321	9	-0.356859	-0.451225	2.568629	10	-0.086454	-0.445234	2.500777	11	-0.028004	-0.386359	2.509073	
8	-0.126763	-0.350676	2.617321	9	-0.356859	-0.451225	2.568629	10	-0.086454	-0.445234	2.500777	11	-0.028004	-0.386359	2.509073	
8	-0.126904	-0.350663	2.617282	9	-0.356869	-0.451186	2.568599	10	-0.086814	-0.451383	2.498296	11	0.133632	-0.393361	2.474286	
8	-0.126904	-0.350663	2.617282	9	-0.356869	-0.451186	2.568599	10	-0.086814	-0.451383	2.498296	11	0.133632	-0.393361	2.474286	
8	-0.127088	-0.350596	2.617240	9	-0.356878	-0.451150	2.568573	10	-0.086309	-0.437008	2.504355	11	-0.030065	-0.364058	2.531970	
